PARSFILE

! EXPANDED_PARSFILE for Math models and animator

! This is an expansion of the Parsfile: "Runs\Run_931e0bad-6f17-4e1e-acc1-d562db84b39f.par"
! It contains the contents of that file plus the contents of any files linked
! with the "PARSFILE" keyword.

! File created by TruckSim 2022.1

PRODUCT_NAME TruckSim
MODEL_LAYOUT tire

tstep 0.0005
iprint 50

ENTER_PARSFILE Runs\Run_931e0bad-6f17-4e1e-acc1-d562db84b39f.par
#FullDataName TruckSim Run Control`MF-Tyre Frict. Ellipse - Alpha = -4 deg`Tire Tester
*VEHICLE_CODE tire
OPT_ALL_WRITE 0
IOBJECT 0
IUNIT 1
OPT_INT_METHOD 0
OPT_VS_FILETYPE 2
RT_WINDOW_CLOSE off
LIVE_SERVER_MAX_CONNECTIONS 0
ENTER_PARSFILE Tires\External\TireExt_23d606e5-ccc7-4c91-b0ca-67ebf7e838d4.par
#FullDataName Tire (External)`510 mm Radius (MF-Tyre, Static)`* MF-Tyre / MF-Swift
FZ_REF 30000
Y_LENGTH 265
OPT_TIRE_MODEL 8
X_LENGTH 510
Z_LENGTH 510
ENTER_PARSFILE Animator\STL_Groups\ShpGrp_31500c10-5228-4bc2-ac80-d4eb8cc45f60.par
#FullDataName Animator: Shape Assembly`Single w/ Stripe`Tires
ENTER_PARSFILE Animator\STL\Shape_14bb825a-9498-422c-b81d-b354fbb1365c.par
#FullDataName Animator: Shape File Link`Super Single`Common Vehicle Assets: Tires
add_obj Animator\3D_Shape_Files\Common_Vehicle_Assets\Tires\Super_Single\super_single_tire.obj
SET_COLOR .62 .62 .62
set_lighting on
set_fogging on
SET_SPECULAR 0.7 0.7 0.7
vsv_enable_shadows_recursive
LOG_ENTRY Used Dataset: Animator: Shape File Link; { Common Vehicle Assets: Tires } Super Single
EXIT_PARSFILE Animator\STL\Shape_14bb825a-9498-422c-b81d-b354fbb1365c.par

x_ref_length 530
y_ref_length 240
z_ref_length 530
LOG_ENTRY Used Dataset: Animator: Shape Assembly; { Tires } Single w/ Stripe
EXIT_PARSFILE Animator\STL_Groups\ShpGrp_31500c10-5228-4bc2-ac80-d4eb8cc45f60.par

WRITE_WHEEL_OFFSET
SET_OFFSET_Y 0
KY_TIRE 4480
OPT_TIRE_INERTIA_EXTERNAL 0
EXTERNAL_TIRE_MODULE_DLL mfswift_vs_sti_2022_1_1
INSTALL_EXTERNAL_TIRE_API
STI_TYPARR_TABLE STEP
0,              0
1,              0
2,              0
3,              0
4,              0
5,           -128
6,             92
7,             64
8,              0
9,              0
10,              0
11,              0
12,              0
13,              0
14,             78
15,             64
16,              0
17,              0
18,              0
19,              0
20,              0
21,              0
22,            -16
23,             63
24,             -1
25,             -1
26,             -1
27,             -1
28,             -1
29,             -1
30,             -1
31,             -1
32,             -1
33,             -1
34,             -1
35,             -1
36,             -1
37,             -1
38,             -1
39,             -1
40,           -104
41,            110
42,             18
43,           -125
44,            -64
45,            -86
46,             48
47,             64
48,             82
49,            -72
50,             30
51,           -123
52,            -21
53,             81
54,            -32
55,             63
56,            -10
57,             40
58,             92
59,           -113
60,            -62
61,            -11
62,            -48
63,             63
64,            -25
65,             -5
66,            -87
67,            -15
68,            -46
69,             77
70,            -46
71,             63
72,             -5
73,            -53
74,            -18
75,            -55
76,            -61
77,             66
78,            -51
79,             63
80,           -102
81,           -103
82,           -103
83,           -103
84,           -103
85,           -103
86,              1
87,             64
88,            -20
89,             81
90,            -72
91,             30
92,           -123
93,            -21
94,            -31
95,             63
96,              0
97,              0
98,              0
99,              0
100,              0
101,              0
102,              0
103,              0
104,              0
105,              0
106,              0
107,              0
108,              0
109,             76
110,            -35
111,             64
112,              0
113,              0
114,              0
115,              0
116,             64
117,            -24
118,             45
119,             65
120,              0
121,              0
122,              0
123,              0
124,              0
125,              0
126,             73
127,             64
128,             -1
129,             -1
130,             -1
131,             -1
132,             -1
133,             -1
134,             -1
135,             -1
136,              0
137,              0
138,              0
139,              0
140,              0
141,              0
142,            -16
143,             63
144,             -1
145,             -1
146,             -1
147,             -1
148,             -1
149,             -1
150,             -1
151,             -1
152,             94
153,            -70
154,             73
155,             12
156,              2
157,             43
158,             -1
159,             63
160,              0
161,              0
162,              0
163,              0
164,              0
165,              0
166,             89
167,             64
168,              0
169,              0
170,              0
171,              0
172,              0
173,             76
174,            -19
175,             64
176,              0
177,              0
178,              0
179,              0
180,              0
181,              0
182,             -8
183,            -65
184,              0
185,              0
186,              0
187,              0
188,              0
189,              0
190,             -8
191,             63
192,              0
193,              0
194,              0
195,              0
196,              0
197,              0
198,             -8
199,            -65
200,              0
201,              0
202,              0
203,              0
204,              0
205,              0
206,             -8
207,             63
208,           -102
209,           -103
210,           -103
211,           -103
212,           -103
213,           -103
214,            -55
215,            -65
216,           -102
217,           -103
218,           -103
219,           -103
220,           -103
221,           -103
222,            -55
223,             63
224,              0
225,              0
226,              0
227,              0
228,              0
229,              0
230,            -16
231,             63
232,              0
233,              0
234,              0
235,              0
236,              0
237,              0
238,              0
239,              0
240,              0
241,              0
242,              0
243,              0
244,              0
245,              0
246,            -16
247,             63
248,              0
249,              0
250,              0
251,              0
252,              0
253,              0
254,            -16
255,             63
256,              0
257,              0
258,              0
259,              0
260,              0
261,              0
262,            -16
263,             63
264,              0
265,              0
266,              0
267,              0
268,              0
269,              0
270,            -16
271,             63
272,              0
273,              0
274,              0
275,              0
276,              0
277,              0
278,            -16
279,             63
280,              0
281,              0
282,              0
283,              0
284,              0
285,              0
286,            -16
287,             63
288,              0
289,              0
290,              0
291,              0
292,              0
293,              0
294,            -16
295,             63
296,              0
297,              0
298,              0
299,              0
300,              0
301,              0
302,            -16
303,             63
304,              0
305,              0
306,              0
307,              0
308,              0
309,              0
310,            -16
311,             63
312,              0
313,              0
314,              0
315,              0
316,              0
317,              0
318,            -16
319,             63
320,              0
321,              0
322,              0
323,              0
324,              0
325,              0
326,            -16
327,             63
328,              0
329,              0
330,              0
331,              0
332,              0
333,              0
334,            -16
335,             63
336,              0
337,              0
338,              0
339,              0
340,              0
341,              0
342,            -16
343,             63
344,              0
345,              0
346,              0
347,              0
348,              0
349,              0
350,            -16
351,             63
352,              0
353,              0
354,              0
355,              0
356,              0
357,              0
358,            -16
359,             63
360,              0
361,              0
362,              0
363,              0
364,              0
365,              0
366,            -16
367,             63
368,              0
369,              0
370,              0
371,              0
372,              0
373,              0
374,            -16
375,             63
376,              0
377,              0
378,              0
379,              0
380,              0
381,              0
382,            -16
383,             63
384,              0
385,              0
386,              0
387,              0
388,              0
389,              0
390,            -16
391,             63
392,              0
393,              0
394,              0
395,              0
396,              0
397,              0
398,            -16
399,             63
400,              0
401,              0
402,              0
403,              0
404,              0
405,              0
406,            -16
407,             63
408,             -1
409,             -1
410,             -1
411,             -1
412,             -1
413,             -1
414,             -1
415,             -1
416,             -1
417,             -1
418,             -1
419,             -1
420,             -1
421,             -1
422,             -1
423,             -1
424,             -1
425,             -1
426,             -1
427,             -1
428,             -1
429,             -1
430,             -1
431,             -1
432,              0
433,              0
434,              0
435,              0
436,              0
437,              0
438,            -16
439,             63
440,              0
441,              0
442,              0
443,              0
444,              0
445,              0
446,            -16
447,             63
448,              0
449,              0
450,              0
451,              0
452,              0
453,              0
454,            -16
455,             63
456,             -1
457,             -1
458,             -1
459,             -1
460,             -1
461,             -1
462,             -1
463,             -1
464,              0
465,              0
466,              0
467,              0
468,              0
469,              0
470,              0
471,              0
472,              0
473,              0
474,              0
475,              0
476,              0
477,              0
478,              0
479,              0
480,            -77
481,            -22
482,            115
483,            -75
484,             21
485,             -5
486,             -6
487,             63
488,           -109
489,            -87
490,           -126
491,             81
492,             73
493,            -99
494,            -22
495,             63
496,            -21
497,             57
498,            -23
499,            125
500,            -29
501,            107
502,            -81
503,            -65
504,             -6
505,            126
506,            106
507,            -68
508,            116
509,           -109
510,              0
511,            -64
512,            -97
513,              2
514,             96
515,             60
516,           -125
517,           -122
518,            -42
519,             63
520,              0
521,              0
522,              0
523,              0
524,              0
525,              0
526,              0
527,              0
528,              0
529,              0
530,              0
531,              0
532,              0
533,              0
534,              0
535,              0
536,            106
537,            -68
538,            116
539,           -109
540,             24
541,              4
542,             26
543,             64
544,            -75
545,            112
546,             89
547,           -123
548,            -51
549,              0
550,           -105
551,             63
552,            114
553,           -127
554,             21
555,            -15
556,            -25
557,             37
558,             80
559,             63
560,             33
561,            -81
562,              7
563,           -109
564,            -30
565,            -29
566,             99
567,            -65
568,             18
569,            -79
570,            -46
571,            -18
572,            -95
573,           -114
574,            104
575,             63
576,              0
577,              0
578,              0
579,              0
580,              0
581,              0
582,              0
583,              0
584,              0
585,              0
586,              0
587,              0
588,              0
589,              0
590,              0
591,              0
592,            -16
593,            -89
594,            -58
595,             75
596,             55
597,           -119
598,             32
599,             64
600,              0
601,              0
602,              0
603,              0
604,              0
605,              0
606,             20
607,             64
608,            -94
609,             69
610,            -74
611,            -13
612,             -3
613,            -44
614,            -20
615,             63
616,              0
617,              0
618,              0
619,              0
620,              0
621,              0
622,              0
623,              0
624,             -1
625,             -1
626,             -1
627,             -1
628,             -1
629,             -1
630,             -1
631,             -1
632,             -1
633,             -1
634,             -1
635,             -1
636,             -1
637,             -1
638,             -1
639,             -1
640,             -1
641,             -1
642,             -1
643,             -1
644,             -1
645,             -1
646,             -1
647,             -1
648,             84
649,            -29
650,            -91
651,           -101
652,            -60
653,             32
654,            -16
655,            -65
656,             63
657,             53
658,             94
659,            -70
660,             73
661,             12
662,              6
663,            -64
664,              0
665,              0
666,              0
667,              0
668,              0
669,              0
670,              0
671,              0
672,           -102
673,           -103
674,           -103
675,           -103
676,           -103
677,           -103
678,            -71
679,             63
680,              0
681,              0
682,              0
683,              0
684,              0
685,              0
686,              0
687,              0
688,              0
689,              0
690,              0
691,              0
692,              0
693,              0
694,              0
695,              0
696,            -61
697,            -16
698,             17
699,             49
700,             37
701,           -110
702,            -56
703,             63
704,             -1
705,             -1
706,             -1
707,             -1
708,             -1
709,             -1
710,             -1
711,             -1
712,             -1
713,             -1
714,             -1
715,             -1
716,             -1
717,             -1
718,             -1
719,             -1
720,             88
721,             57
722,            -76
723,            -56
724,            118
725,            -66
726,             -4
727,             63
728,            101
729,             25
730,            -30
731,             88
732,             23
733,            -73
734,            -25
735,             63
736,             62
737,           -106
738,             62
739,            116
740,             65
741,            125
742,            -69
743,            -65
744,              0
745,              0
746,              0
747,              0
748,              0
749,              0
750,              0
751,              0
752,            -88
753,           -116
754,            127
755,            -97
756,            113
757,            -31
758,            -48
759,             63
760,            -78
761,             70
762,             61
763,             68
764,            -93
765,             59
766,            -44
767,            -65
768,              0
769,              0
770,              0
771,              0
772,              0
773,              0
774,              0
775,              0
776,              0
777,              0
778,              0
779,              0
780,              0
781,              0
782,              0
783,              0
784,             31
785,           -123
786,            -21
787,             81
788,            -72
789,             30
790,             41
791,            -64
792,            -96
793,             26
794,             47
795,            -35
796,             36
797,              6
798,             11
799,             64
800,              0
801,              0
802,              0
803,              0
804,              0
805,              0
806,              0
807,              0
808,             45
809,             67
810,             28
811,            -21
812,            -30
813,             54
814,             10
815,             63
816,             24
817,            -20
818,           -122
819,            109
820,           -117
821,             50
822,             75
823,             63
824,             -1
825,             -1
826,             -1
827,             -1
828,             -1
829,             -1
830,             -1
831,             -1
832,              0
833,              0
834,              0
835,              0
836,              0
837,              0
838,              0
839,              0
840,              0
841,              0
842,              0
843,              0
844,              0
845,              0
846,              0
847,              0
848,              0
849,              0
850,              0
851,              0
852,              0
853,              0
854,              0
855,              0
856,              0
857,              0
858,              0
859,              0
860,              0
861,              0
862,              0
863,              0
864,             35
865,            -37
866,             -7
867,            126
868,            106
869,            -68
870,             19
871,             64
872,             16
873,             88
874,             57
875,            -76
876,            -56
877,            118
878,              1
879,             64
880,              0
881,              0
882,              0
883,              0
884,              0
885,              0
886,              0
887,              0
888,            -47
889,           -111
890,             92
891,             -2
892,             67
893,             -6
894,            -17
895,             63
896,           -108
897,            103
898,             94
899,             14
900,            -69
901,            -17
902,            120
903,             63
904,              0
905,              0
906,              0
907,              0
908,              0
909,              0
910,              0
911,              0
912,              0
913,              0
914,              0
915,              0
916,              0
917,              0
918,              0
919,              0
920,              0
921,              0
922,              0
923,              0
924,              0
925,              0
926,              0
927,              0
928,           -123
929,            -21
930,             81
931,            -72
932,             30
933,              5
934,             62
935,             64
936,            -51
937,            -52
938,            -52
939,            -52
940,            -52
941,            -52
942,             -4
943,             63
944,              8
945,            -84
946,             28
947,             90
948,            100
949,             59
950,             25
951,             64
952,             -1
953,             -1
954,             -1
955,             -1
956,             -1
957,             -1
958,             -1
959,             -1
960,             -1
961,             -1
962,             -1
963,             -1
964,             -1
965,             -1
966,             -1
967,             -1
968,            -45
969,             77
970,             98
971,             16
972,             88
973,             57
974,            -14
975,            -65
976,              0
977,              0
978,              0
979,              0
980,              0
981,              0
982,            -16
983,            -65
984,            109
985,            -30
986,            -28
987,            126
988,           -121
989,            -94
990,            -96
991,             63
992,              0
993,              0
994,              0
995,              0
996,              0
997,              0
998,              0
999,              0
1000,            123
1001,             20
1002,            -82
1003,             71
1004,            -31
1005,            122
1006,           -124
1007,             63
1008,              0
1009,              0
1010,              0
1011,              0
1012,              0
1013,              0
1014,              0
1015,              0
1016,              0
1017,              0
1018,              0
1019,              0
1020,              0
1021,              0
1022,              0
1023,              0
1024,              0
1025,              0
1026,              0
1027,              0
1028,              0
1029,              0
1030,              0
1031,              0
1032,              0
1033,              0
1034,              0
1035,              0
1036,              0
1037,              0
1038,              0
1039,              0
1040,             33
1041,            -80
1042,            114
1043,            104
1044,           -111
1045,            109
1046,             23
1047,             64
1048,            -58
1049,            -36
1050,            -75
1051,           -124
1052,            124
1053,            -48
1054,            -45
1055,            -65
1056,              0
1057,              0
1058,              0
1059,              0
1060,              0
1061,              0
1062,              0
1063,              0
1064,              0
1065,              0
1066,              0
1067,              0
1068,              0
1069,              0
1070,              0
1071,              0
1072,             55
1073,             26
1074,            -64
1075,             91
1076,             32
1077,             65
1078,            -15
1079,            -65
1080,            -78
1081,            -99
1082,            -17
1083,            -89
1084,            -58
1085,            -53
1086,             43
1087,             64
1088,             98
1089,             16
1090,             88
1091,             57
1092,            -76
1093,            -56
1094,            -15
1095,             63
1096,             55
1097,            113
1098,            114
1099,            -65
1100,             67
1101,             81
1102,            -72
1103,             63
1104,            117
1105,            -51
1106,            -28
1107,           -101
1108,            109
1109,            110
1110,           -100
1111,            -65
1112,              0
1113,              0
1114,              0
1115,              0
1116,              0
1117,              0
1118,              0
1119,              0
1120,              0
1121,              0
1122,              0
1123,              0
1124,              0
1125,              0
1126,              0
1127,              0
1128,              0
1129,              0
1130,              0
1131,              0
1132,              0
1133,              0
1134,              0
1135,              0
1136,              0
1137,              0
1138,              0
1139,              0
1140,              0
1141,              0
1142,              0
1143,              0
1144,           -102
1145,           -103
1146,           -103
1147,           -103
1148,           -103
1149,           -103
1150,            -87
1151,            -65
1152,              0
1153,              0
1154,              0
1155,              0
1156,              0
1157,              0
1158,              0
1159,              0
1160,             66
1161,             96
1162,            -27
1163,            -48
1164,             34
1165,            -37
1166,            -27
1167,            -65
1168,             87
1169,             91
1170,            -79
1171,            -65
1172,            -20
1173,            -98
1174,            -40
1175,            -65
1176,              0
1177,              0
1178,              0
1179,              0
1180,              0
1181,              0
1182,              0
1183,              0
1184,              0
1185,              0
1186,              0
1187,              0
1188,              0
1189,              0
1190,              0
1191,              0
1192,              0
1193,              0
1194,              0
1195,              0
1196,              0
1197,              0
1198,             46
1199,             64
1200,            -70
1201,             73
1202,             12
1203,              2
1204,             43
1205,           -121
1206,           -122
1207,             63
1208,             97
1209,             50
1210,             85
1211,             48
1212,             42
1213,            -87
1214,            115
1215,            -65
1216,            -37
1217,           -118
1218,             -3
1219,            101
1220,             -9
1221,            -28
1222,            -95
1223,            -65
1224,             97
1225,            109
1226,           -116
1227,            -99
1228,            -16
1229,             18
1230,            124
1231,            -65
1232,              0
1233,              0
1234,              0
1235,              0
1236,              0
1237,              0
1238,              0
1239,              0
1240,             30
1241,             -2
1242,           -102
1243,            -84
1244,             81
1245,             15
1246,            -95
1247,            -65
1248,              0
1249,              0
1250,              0
1251,              0
1252,              0
1253,              0
1254,              0
1255,              0
1256,              0
1257,              0
1258,              0
1259,              0
1260,              0
1261,              0
1262,              0
1263,              0
1264,             -1
1265,             -1
1266,             -1
1267,             -1
1268,             -1
1269,             -1
1270,             -1
1271,             -1
1272,             -1
1273,             -1
1274,             -1
1275,             -1
1276,             -1
1277,             -1
1278,             -1
1279,             -1
1280,              0
1281,              0
1282,              0
1283,              0
1284,              0
1285,              0
1286,              0
1287,              0
1288,             51
1289,             51
1290,             51
1291,             51
1292,             51
1293,             51
1294,             41
1295,             64
1296,             -1
1297,             -1
1298,             -1
1299,             -1
1300,             -1
1301,             -1
1302,             -1
1303,             -1
1304,              0
1305,              0
1306,              0
1307,              0
1308,              0
1309,              0
1310,             69
1311,             64
1312,             -1
1313,             -1
1314,             -1
1315,             -1
1316,             -1
1317,             -1
1318,             -1
1319,             -1
1320,             -1
1321,             -1
1322,             -1
1323,             -1
1324,             -1
1325,             -1
1326,             -1
1327,             -1
1328,             -1
1329,             -1
1330,             -1
1331,             -1
1332,             -1
1333,             -1
1334,             -1
1335,             -1
1336,             -1
1337,             -1
1338,             -1
1339,             -1
1340,             -1
1341,             -1
1342,             -1
1343,             -1
1344,              0
1345,              0
1346,              0
1347,              0
1348,              0
1349,              0
1350,              0
1351,              0
1352,             -1
1353,             -1
1354,             -1
1355,             -1
1356,             -1
1357,             -1
1358,             -1
1359,             -1
1360,             -1
1361,             -1
1362,             -1
1363,             -1
1364,             -1
1365,             -1
1366,             -1
1367,             -1
1368,             -1
1369,             -1
1370,             -1
1371,             -1
1372,             -1
1373,             -1
1374,             -1
1375,             -1
1376,              0
1377,              0
1378,              0
1379,              0
1380,              0
1381,              0
1382,            -16
1383,             63
1384,            -83
1385,            -64
1386,           -112
1387,            -43
1388,            -83
1389,            -98
1390,           -109
1391,             63
1392,            -67
1393,              0
1394,             -5
1395,            -24
1396,            -44
1397,           -107
1398,            -57
1399,             63
1400,              0
1401,              0
1402,              0
1403,              0
1404,              0
1405,              0
1406,              0
1407,              0
1408,              0
1409,              0
1410,              0
1411,              0
1412,              0
1413,              0
1414,              0
1415,              0
1416,              0
1417,              0
1418,              0
1419,              0
1420,              0
1421,              0
1422,              0
1423,              0
1424,             45
1425,             67
1426,             28
1427,            -21
1428,            -30
1429,             54
1430,             26
1431,             63
1432,             -1
1433,             -1
1434,             -1
1435,             -1
1436,             -1
1437,             -1
1438,             -1
1439,             -1
1440,              0
1441,              0
1442,              0
1443,              0
1444,              0
1445,              0
1446,              0
1447,              0
1448,              0
1449,              0
1450,              0
1451,              0
1452,              0
1453,              0
1454,              0
1455,              0
1456,              0
1457,              0
1458,              0
1459,              0
1460,              0
1461,              0
1462,              0
1463,              0
1464,             -4
1465,            -87
1466,            -15
1467,            -46
1468,             77
1469,             98
1470,             96
1471,             63
1472,             -4
1473,            -87
1474,            -15
1475,            -46
1476,             77
1477,             98
1478,             80
1479,             63
1480,              0
1481,              0
1482,              0
1483,              0
1484,              0
1485,            106
1486,             40
1487,             65
1488,              0
1489,              0
1490,              0
1491,              0
1492,           -128
1493,             79
1494,             34
1495,             65
1496,              0
1497,              0
1498,              0
1499,              0
1500,             64
1501,            -56
1502,            -35
1503,             64
1504,             -1
1505,             -1
1506,             -1
1507,             -1
1508,             -1
1509,             -1
1510,             -1
1511,             -1
1512,              0
1513,              0
1514,              0
1515,              0
1516,              0
1517,           -128
1518,             81
1519,             64
1520,              0
1521,              0
1522,              0
1523,              0
1524,              0
1525,              0
1526,             37
1527,             64
1528,              0
1529,              0
1530,              0
1531,              0
1532,              0
1533,              0
1534,             44
1535,             64
1536,             -1
1537,             -1
1538,             -1
1539,             -1
1540,             -1
1541,             -1
1542,             -1
1543,             -1
1544,             -1
1545,             -1
1546,             -1
1547,             -1
1548,             -1
1549,             -1
1550,             -1
1551,             -1
1552,              0
1553,              0
1554,              0
1555,              0
1556,              0
1557,           -128
1558,             31
1559,             64
1560,             -1
1561,             -1
1562,             -1
1563,             -1
1564,             -1
1565,             -1
1566,             -1
1567,             -1
1568,             -1
1569,             -1
1570,             -1
1571,             -1
1572,             -1
1573,             -1
1574,             -1
1575,             -1
1576,             31
1577,           -123
1578,            -21
1579,             81
1580,            -72
1581,            -98
1582,             35
1583,            -64
1584,             -1
1585,             -1
1586,             -1
1587,             -1
1588,             -1
1589,             -1
1590,             -1
1591,             -1
1592,              0
1593,              0
1594,              0
1595,              0
1596,              0
1597,              0
1598,              0
1599,              0
1600,             -1
1601,             -1
1602,             -1
1603,             -1
1604,             -1
1605,             -1
1606,             -1
1607,             -1
1608,             -1
1609,             -1
1610,             -1
1611,             -1
1612,             -1
1613,             -1
1614,             -1
1615,             -1
1616,             -1
1617,             -1
1618,             -1
1619,             -1
1620,             -1
1621,             -1
1622,             -1
1623,             -1
1624,             -1
1625,             -1
1626,             -1
1627,             -1
1628,             -1
1629,             -1
1630,             -1
1631,             -1
1632,             -1
1633,             -1
1634,             -1
1635,             -1
1636,             -1
1637,             -1
1638,             -1
1639,             -1
1640,             -1
1641,             -1
1642,             -1
1643,             -1
1644,             -1
1645,             -1
1646,             -1
1647,             -1
1648,           -102
1649,           -103
1650,           -103
1651,           -103
1652,           -103
1653,           -103
1654,            -23
1655,             63
1656,             -1
1657,             -1
1658,             -1
1659,             -1
1660,             -1
1661,             -1
1662,             -1
1663,             -1
1664,             -1
1665,             -1
1666,             -1
1667,             -1
1668,             -1
1669,             -1
1670,             -1
1671,             -1
1672,             -1
1673,             -1
1674,             -1
1675,             -1
1676,             -1
1677,             -1
1678,             -1
1679,             -1
1680,             -1
1681,             -1
1682,             -1
1683,             -1
1684,             -1
1685,             -1
1686,             -1
1687,             -1
1688,              0
1689,              0
1690,              0
1691,              0
1692,              0
1693,              0
1694,            -16
1695,             63
1696,              0
1697,              0
1698,              0
1699,              0
1700,              0
1701,              0
1702,              0
1703,              0
1704,           -102
1705,           -103
1706,           -103
1707,           -103
1708,           -103
1709,           -103
1710,            -55
1711,             63
1712,           -102
1713,           -103
1714,           -103
1715,           -103
1716,           -103
1717,           -103
1718,            -23
1719,             63
1720,              0
1721,              0
1722,              0
1723,              0
1724,              0
1725,              0
1726,            -16
1727,             63
1728,              0
1729,              0
1730,              0
1731,              0
1732,              0
1733,              0
1734,            -16
1735,             63
1736,             -1
1737,             -1
1738,             -1
1739,             -1
1740,             -1
1741,             -1
1742,             -1
1743,             -1
1744,             -1
1745,             -1
1746,             -1
1747,             -1
1748,             -1
1749,             -1
1750,             -1
1751,             -1
1752,              0
1753,              0
1754,              0
1755,              0
1756,              0
1757,              0
1758,            -16
1759,             63
1760,             -1
1761,             -1
1762,             -1
1763,             -1
1764,             -1
1765,             -1
1766,             -1
1767,             -1
1768,             -1
1769,             -1
1770,             -1
1771,             -1
1772,             -1
1773,             -1
1774,             -1
1775,             -1
1776,             -1
1777,             -1
1778,             -1
1779,             -1
1780,             -1
1781,             -1
1782,             -1
1783,             -1
1784,            123
1785,             20
1786,            -82
1787,             71
1788,            -31
1789,            122
1790,           -124
1791,             63
1792,            123
1793,             20
1794,            -82
1795,             71
1796,            -31
1797,            122
1798,           -124
1799,             63
1800,             -1
1801,             -1
1802,             -1
1803,             -1
1804,             -1
1805,             -1
1806,             -1
1807,             -1
1808,              0
1809,              0
1810,              0
1811,              0
1812,           -128
1813,           -124
1814,             62
1815,             65
1816,             -4
1817,            -87
1818,            -15
1819,            -46
1820,             77
1821,             98
1822,             48
1823,             63
1824,             -1
1825,             -1
1826,             -1
1827,             -1
1828,             -1
1829,             -1
1830,             -1
1831,             -1
1832,             -1
1833,             -1
1834,             -1
1835,             -1
1836,             -1
1837,             -1
1838,             -1
1839,             -1
1840,             78
1841,             98
1842,             16
1843,             88
1844,             57
1845,            -12
1846,             34
1847,             64
1848,            -51
1849,            -52
1850,            -52
1851,            -52
1852,            -52
1853,            -52
1854,            -20
1855,             63
1856,            100
1857,             59
1858,            -33
1859,             79
1860,           -115
1861,           -105
1862,             17
1863,             64
1864,              0
1865,              0
1866,              0
1867,              0
1868,              0
1869,              0
1870,              0
1871,              0
1872,             85
1873,             48
1874,             42
1875,            -87
1876,             19
1877,            -48
1878,            -18
1879,            -65
1880,            118
1881,             26
1882,            105
1883,            -87
1884,            -68
1885,             29
1886,            -63
1887,             63
1888,              0
1889,              0
1890,              0
1891,              0
1892,              0
1893,              0
1894,              0
1895,              0
1896,              0
1897,              0
1898,              0
1899,              0
1900,              0
1901,              0
1902,             20
1903,             64
1904,             -1
1905,             -1
1906,             -1
1907,             -1
1908,             -1
1909,             -1
1910,             -1
1911,             -1
1912,             -1
1913,             -1
1914,             -1
1915,             -1
1916,             -1
1917,             -1
1918,             -1
1919,             -1
1920,           -102
1921,           -103
1922,           -103
1923,           -103
1924,           -103
1925,           -103
1926,            -39
1927,             63
1928,              0
1929,              0
1930,              0
1931,              0
1932,              0
1933,              0
1934,              0
1935,              0
1936,              0
1937,              0
1938,              0
1939,              0
1940,              0
1941,              0
1942,              0
1943,              0
1944,              0
1945,              0
1946,              0
1947,              0
1948,              0
1949,              0
1950,            -16
1951,             63
1952,           -102
1953,           -103
1954,           -103
1955,           -103
1956,           -103
1957,           -103
1958,            -39
1959,             63
1960,              0
1961,              0
1962,              0
1963,              0
1964,              0
1965,              0
1966,              0
1967,              0
1968,              0
1969,              0
1970,              0
1971,              0
1972,              0
1973,              0
1974,              0
1975,              0
1976,              0
1977,              0
1978,              0
1979,              0
1980,              0
1981,              0
1982,              0
1983,              0
1984,              0
1985,              0
1986,              0
1987,              0
1988,              0
1989,              0
1990,            -16
1991,             63
1992,             51
1993,             51
1994,             51
1995,             51
1996,             51
1997,             51
1998,            -61
1999,             63
2000,              0
2001,              0
2002,              0
2003,              0
2004,              0
2005,              0
2006,              0
2007,              0
2008,              0
2009,              0
2010,              0
2011,              0
2012,              0
2013,              0
2014,             16
2015,            -64
2016,            -51
2017,            -52
2018,            -52
2019,            -52
2020,            -52
2021,            -52
2022,            -20
2023,             63
2024,              0
2025,              0
2026,              0
2027,              0
2028,              0
2029,              0
2030,              0
2031,              0
2032,              0
2033,              0
2034,              0
2035,              0
2036,              0
2037,              0
2038,             36
2039,             64
2040,           -102
2041,           -103
2042,           -103
2043,           -103
2044,           -103
2045,           -103
2046,            -55
2047,             63
2048,           -102
2049,           -103
2050,           -103
2051,           -103
2052,           -103
2053,           -103
2054,            -71
2055,             63
2056,           -102
2057,           -103
2058,           -103
2059,           -103
2060,           -103
2061,           -103
2062,            -71
2063,             63
2064,              0
2065,              0
2066,              0
2067,              0
2068,              0
2069,              0
2070,            -16
2071,             63
2072,             -1
2073,             -1
2074,             -1
2075,             -1
2076,             -1
2077,             -1
2078,             -1
2079,             -1
2080,             -1
2081,             -1
2082,             -1
2083,             -1
2084,             -1
2085,             -1
2086,             -1
2087,             -1
2088,           -102
2089,           -103
2090,           -103
2091,           -103
2092,           -103
2093,           -103
2094,            -23
2095,             63
2096,              0
2097,              0
2098,              0
2099,              0
2100,              0
2101,              0
2102,            -16
2103,             63
2104,              0
2105,              0
2106,              0
2107,              0
2108,              0
2109,              0
2110,            -16
2111,             63
2112,            -51
2113,            -52
2114,            -52
2115,            -52
2116,            -52
2117,            -52
2118,             -4
2119,             63
2120,            123
2121,             20
2122,            -82
2123,             71
2124,            -31
2125,            122
2126,            -92
2127,             63
2128,             -1
2129,             -1
2130,             -1
2131,             -1
2132,             -1
2133,             -1
2134,             -1
2135,             -1
2136,              0
2137,              0
2138,              0
2139,              0
2140,              0
2141,              0
2142,             36
2143,             64
2144,              0
2145,              0
2146,              0
2147,              0
2148,              0
2149,              0
2150,             36
2151,             64
2152,             -1
2153,             -1
2154,             -1
2155,             -1
2156,             -1
2157,             -1
2158,             -1
2159,             -1
2160,             -1
2161,             -1
2162,             -1
2163,             -1
2164,             -1
2165,             -1
2166,             -1
2167,             -1
2168,             -1
2169,             -1
2170,             -1
2171,             -1
2172,             -1
2173,             -1
2174,             -1
2175,             -1
2176,             -1
2177,             -1
2178,             -1
2179,             -1
2180,             -1
2181,             -1
2182,             -1
2183,             -1
2184,             -1
2185,             -1
2186,             -1
2187,             -1
2188,             -1
2189,             -1
2190,             -1
2191,             -1
2192,             -1
2193,             -1
2194,             -1
2195,             -1
2196,             -1
2197,             -1
2198,             -1
2199,             -1
2200,             -1
2201,             -1
2202,             -1
2203,             -1
2204,             -1
2205,             -1
2206,             -1
2207,             -1
2208,             -1
2209,             -1
2210,             -1
2211,             -1
2212,             -1
2213,             -1
2214,             -1
2215,             -1
2216,             -1
2217,             -1
2218,             -1
2219,             -1
2220,             -1
2221,             -1
2222,             -1
2223,             -1
2224,             -1
2225,             -1
2226,             -1
2227,             -1
2228,             -1
2229,             -1
2230,             -1
2231,             -1
2232,             -1
2233,             -1
2234,             -1
2235,             -1
2236,             -1
2237,             -1
2238,             -1
2239,             -1
2240,             -1
2241,             -1
2242,             -1
2243,             -1
2244,             -1
2245,             -1
2246,             -1
2247,             -1
2248,             -1
2249,             -1
2250,             -1
2251,             -1
2252,             -1
2253,             -1
2254,             -1
2255,             -1
2256,             -1
2257,             -1
2258,             -1
2259,             -1
2260,             -1
2261,             -1
2262,             -1
2263,             -1
2264,             -1
2265,             -1
2266,             -1
2267,             -1
2268,             -1
2269,             -1
2270,             -1
2271,             -1
2272,             -1
2273,             -1
2274,             -1
2275,             -1
2276,             -1
2277,             -1
2278,             -1
2279,             -1
2280,             -1
2281,             -1
2282,             -1
2283,             -1
2284,             -1
2285,             -1
2286,             -1
2287,             -1
2288,             -1
2289,             -1
2290,             -1
2291,             -1
2292,             -1
2293,             -1
2294,             -1
2295,             -1
2296,             -1
2297,             -1
2298,             -1
2299,             -1
2300,             -1
2301,             -1
2302,             -1
2303,             -1
2304,             -1
2305,             -1
2306,             -1
2307,             -1
2308,             -1
2309,             -1
2310,             -1
2311,             -1
2312,             -1
2313,             -1
2314,             -1
2315,             -1
2316,             -1
2317,             -1
2318,             -1
2319,             -1
2320,            -92
2321,            112
2322,             61
2323,             10
2324,            -41
2325,              3
2326,             73
2327,             64
2328,           -123
2329,            -21
2330,             81
2331,            -72
2332,             30
2333,             69
2334,             69
2335,             64
2336,            -41
2337,            -93
2338,            112
2339,             61
2340,             10
2341,             -9
2342,             67
2343,             64
2344,             82
2345,            -72
2346,             30
2347,           -123
2348,            -21
2349,            -15
2350,             65
2351,             64
2352,            123
2353,             20
2354,            -82
2355,             71
2356,            -31
2357,            122
2358,            -92
2359,             63
2360,            123
2361,             20
2362,            -82
2363,             71
2364,            -31
2365,            122
2366,            -92
2367,             63
2368,            123
2369,             20
2370,            -82
2371,             71
2372,            -31
2373,            122
2374,            -92
2375,             63
2376,            123
2377,             20
2378,            -82
2379,             71
2380,            -31
2381,            122
2382,            -92
2383,             63
2384,             -1
2385,             -1
2386,             -1
2387,             -1
2388,             -1
2389,             -1
2390,             -1
2391,             -1
2392,             -1
2393,             -1
2394,             -1
2395,             -1
2396,             -1
2397,             -1
2398,             -1
2399,             -1
2400,             -1
2401,             -1
2402,             -1
2403,             -1
2404,             -1
2405,             -1
2406,             -1
2407,             -1
2408,             -1
2409,             -1
2410,             -1
2411,             -1
2412,             -1
2413,             -1
2414,             -1
2415,             -1
2416,             -1
2417,             -1
2418,             -1
2419,             -1
2420,             -1
2421,             -1
2422,             -1
2423,             -1
2424,             -1
2425,             -1
2426,             -1
2427,             -1
2428,             -1
2429,             -1
2430,             -1
2431,             -1
2432,             -1
2433,             -1
2434,             -1
2435,             -1
2436,             -1
2437,             -1
2438,             -1
2439,             -1
2440,             -1
2441,             -1
2442,             -1
2443,             -1
2444,             -1
2445,             -1
2446,             -1
2447,             -1
2448,             -1
2449,             -1
2450,             -1
2451,             -1
2452,             -1
2453,             -1
2454,             -1
2455,             -1
2456,             -1
2457,             -1
2458,             -1
2459,             -1
2460,             -1
2461,             -1
2462,             -1
2463,             -1
2464,             -1
2465,             -1
2466,             -1
2467,             -1
2468,             -1
2469,             -1
2470,             -1
2471,             -1
2472,             -1
2473,             -1
2474,             -1
2475,             -1
2476,             -1
2477,             -1
2478,             -1
2479,             -1
2480,             -1
2481,             -1
2482,             -1
2483,             -1
2484,             -1
2485,             -1
2486,             -1
2487,             -1
2488,             -1
2489,             -1
2490,             -1
2491,             -1
2492,             -1
2493,             -1
2494,             -1
2495,             -1
2496,             -1
2497,             -1
2498,             -1
2499,             -1
2500,             -1
2501,             -1
2502,             -1
2503,             -1
2504,             -1
2505,             -1
2506,             -1
2507,             -1
2508,             -1
2509,             -1
2510,             -1
2511,             -1
2512,             -1
2513,             -1
2514,             -1
2515,             -1
2516,             -1
2517,             -1
2518,             -1
2519,             -1
2520,             -1
2521,             -1
2522,             -1
2523,             -1
2524,             -1
2525,             -1
2526,             -1
2527,             -1
2528,             -1
2529,             -1
2530,             -1
2531,             -1
2532,             -1
2533,             -1
2534,             -1
2535,             -1
2536,             -1
2537,             -1
2538,             -1
2539,             -1
2540,             -1
2541,             -1
2542,             -1
2543,             -1
2544,             -1
2545,             -1
2546,             -1
2547,             -1
2548,             -1
2549,             -1
2550,             -1
2551,             -1
2552,             -1
2553,             -1
2554,             -1
2555,             -1
2556,             -1
2557,             -1
2558,             -1
2559,             -1
2560,             -1
2561,             -1
2562,             -1
2563,             -1
2564,             -1
2565,             -1
2566,             -1
2567,             -1
2568,             -1
2569,             -1
2570,             -1
2571,             -1
2572,             -1
2573,             -1
2574,             -1
2575,             -1
2576,             -1
2577,             -1
2578,             -1
2579,             -1
2580,             -1
2581,             -1
2582,             -1
2583,             -1
2584,             -1
2585,             -1
2586,             -1
2587,             -1
2588,             -1
2589,             -1
2590,             -1
2591,             -1
2592,             -1
2593,             -1
2594,             -1
2595,             -1
2596,             -1
2597,             -1
2598,             -1
2599,             -1
2600,             -1
2601,             -1
2602,             -1
2603,             -1
2604,             -1
2605,             -1
2606,             -1
2607,             -1
2608,             -1
2609,             -1
2610,             -1
2611,             -1
2612,             -1
2613,             -1
2614,             -1
2615,             -1
2616,             -1
2617,             -1
2618,             -1
2619,             -1
2620,             -1
2621,             -1
2622,             -1
2623,             -1
2624,             -1
2625,             -1
2626,             -1
2627,             -1
2628,             -1
2629,             -1
2630,             -1
2631,             -1
2632,             -1
2633,             -1
2634,             -1
2635,             -1
2636,             -1
2637,             -1
2638,             -1
2639,             -1
2640,             -1
2641,             -1
2642,             -1
2643,             -1
2644,             -1
2645,             -1
2646,             -1
2647,             -1
2648,             -1
2649,             -1
2650,             -1
2651,             -1
2652,             -1
2653,             -1
2654,             -1
2655,             -1
2656,             -1
2657,             -1
2658,             -1
2659,             -1
2660,             -1
2661,             -1
2662,             -1
2663,             -1
2664,             -1
2665,             -1
2666,             -1
2667,             -1
2668,             -1
2669,             -1
2670,             -1
2671,             -1
2672,             -1
2673,             -1
2674,             -1
2675,             -1
2676,             -1
2677,             -1
2678,             -1
2679,             -1
2680,             -1
2681,             -1
2682,             -1
2683,             -1
2684,             -1
2685,             -1
2686,             -1
2687,             -1
2688,             -1
2689,             -1
2690,             -1
2691,             -1
2692,             -1
2693,             -1
2694,             -1
2695,             -1
2696,             -1
2697,             -1
2698,             -1
2699,             -1
2700,             -1
2701,             -1
2702,             -1
2703,             -1
2704,             -1
2705,             -1
2706,             -1
2707,             -1
2708,             -1
2709,             -1
2710,             -1
2711,             -1
2712,             -1
2713,             -1
2714,             -1
2715,             -1
2716,             -1
2717,             -1
2718,             -1
2719,             -1
2720,             -1
2721,             -1
2722,             -1
2723,             -1
2724,             -1
2725,             -1
2726,             -1
2727,             -1
2728,             -1
2729,             -1
2730,             -1
2731,             -1
2732,             -1
2733,             -1
2734,             -1
2735,             -1
2736,             -1
2737,             -1
2738,             -1
2739,             -1
2740,             -1
2741,             -1
2742,             -1
2743,             -1
2744,             -1
2745,             -1
2746,             -1
2747,             -1
2748,             -1
2749,             -1
2750,             -1
2751,             -1
2752,             -1
2753,             -1
2754,             -1
2755,             -1
2756,             -1
2757,             -1
2758,             -1
2759,             -1
2760,             -1
2761,             -1
2762,             -1
2763,             -1
2764,             -1
2765,             -1
2766,             -1
2767,             -1
2768,             -1
2769,             -1
2770,             -1
2771,             -1
2772,             -1
2773,             -1
2774,             -1
2775,             -1
2776,             -1
2777,             -1
2778,             -1
2779,             -1
2780,             -1
2781,             -1
2782,             -1
2783,             -1
2784,             -1
2785,             -1
2786,             -1
2787,             -1
2788,             -1
2789,             -1
2790,             -1
2791,             -1
2792,             -1
2793,             -1
2794,             -1
2795,             -1
2796,             -1
2797,             -1
2798,             -1
2799,             -1
2800,             -1
2801,             -1
2802,             -1
2803,             -1
2804,             -1
2805,             -1
2806,             -1
2807,             -1
2808,             -1
2809,             -1
2810,             -1
2811,             -1
2812,             -1
2813,             -1
2814,             -1
2815,             -1
2816,             -1
2817,             -1
2818,             -1
2819,             -1
2820,             -1
2821,             -1
2822,             -1
2823,             -1
2824,             -1
2825,             -1
2826,             -1
2827,             -1
2828,             -1
2829,             -1
2830,             -1
2831,             -1
2832,             -1
2833,             -1
2834,             -1
2835,             -1
2836,             -1
2837,             -1
2838,             -1
2839,             -1
2840,             -1
2841,             -1
2842,             -1
2843,             -1
2844,             -1
2845,             -1
2846,             -1
2847,             -1
2848,             -1
2849,             -1
2850,             -1
2851,             -1
2852,             -1
2853,             -1
2854,             -1
2855,             -1
2856,             -1
2857,             -1
2858,             -1
2859,             -1
2860,             -1
2861,             -1
2862,             -1
2863,             -1
2864,             -1
2865,             -1
2866,             -1
2867,             -1
2868,             -1
2869,             -1
2870,             -1
2871,             -1
2872,             -1
2873,             -1
2874,             -1
2875,             -1
2876,             -1
2877,             -1
2878,             -1
2879,             -1
2880,             -1
2881,             -1
2882,             -1
2883,             -1
2884,             -1
2885,             -1
2886,             -1
2887,             -1
2888,             -1
2889,             -1
2890,             -1
2891,             -1
2892,             -1
2893,             -1
2894,             -1
2895,             -1
2896,             -1
2897,             -1
2898,             -1
2899,             -1
2900,             -1
2901,             -1
2902,             -1
2903,             -1
2904,             -1
2905,             -1
2906,             -1
2907,             -1
2908,             -1
2909,             -1
2910,             -1
2911,             -1
2912,             -1
2913,             -1
2914,             -1
2915,             -1
2916,             -1
2917,             -1
2918,             -1
2919,             -1
2920,             -1
2921,             -1
2922,             -1
2923,             -1
2924,             -1
2925,             -1
2926,             -1
2927,             -1
2928,             -1
2929,             -1
2930,             -1
2931,             -1
2932,             -1
2933,             -1
2934,             -1
2935,             -1
2936,             -1
2937,             -1
2938,             -1
2939,             -1
2940,             -1
2941,             -1
2942,             -1
2943,             -1
2944,             -1
2945,             -1
2946,             -1
2947,             -1
2948,             -1
2949,             -1
2950,             -1
2951,             -1
2952,             -1
2953,             -1
2954,             -1
2955,             -1
2956,             -1
2957,             -1
2958,             -1
2959,             -1
2960,             -1
2961,             -1
2962,             -1
2963,             -1
2964,             -1
2965,             -1
2966,             -1
2967,             -1
2968,             -1
2969,             -1
2970,             -1
2971,             -1
2972,             -1
2973,             -1
2974,             -1
2975,             -1
2976,             -1
2977,             -1
2978,             -1
2979,             -1
2980,             -1
2981,             -1
2982,             -1
2983,             -1
2984,             -1
2985,             -1
2986,             -1
2987,             -1
2988,             -1
2989,             -1
2990,             -1
2991,             -1
2992,             -1
2993,             -1
2994,             -1
2995,             -1
2996,             -1
2997,             -1
2998,             -1
2999,             -1
3000,             -1
3001,             -1
3002,             -1
3003,             -1
3004,             -1
3005,             -1
3006,             -1
3007,             -1
3008,             -1
3009,             -1
3010,             -1
3011,             -1
3012,             -1
3013,             -1
3014,             -1
3015,             -1
3016,             -1
3017,             -1
3018,             -1
3019,             -1
3020,             -1
3021,             -1
3022,             -1
3023,             -1
3024,             -1
3025,             -1
3026,             -1
3027,             -1
3028,             -1
3029,             -1
3030,             -1
3031,             -1
3032,             -1
3033,             -1
3034,             -1
3035,             -1
3036,             -1
3037,             -1
3038,             -1
3039,             -1
3040,             -1
3041,             -1
3042,             -1
3043,             -1
3044,             -1
3045,             -1
3046,             -1
3047,             -1
3048,             -1
3049,             -1
3050,             -1
3051,             -1
3052,             -1
3053,             -1
3054,             -1
3055,             -1
3056,             -1
3057,             -1
3058,             -1
3059,             -1
3060,             -1
3061,             -1
3062,             -1
3063,             -1
3064,             -1
3065,             -1
3066,             -1
3067,             -1
3068,             -1
3069,             -1
3070,             -1
3071,             -1
3072,             -1
3073,             -1
3074,             -1
3075,             -1
3076,             -1
3077,             -1
3078,             -1
3079,             -1
3080,             -1
3081,             -1
3082,             -1
3083,             -1
3084,             -1
3085,             -1
3086,             -1
3087,             -1
3088,             -1
3089,             -1
3090,             -1
3091,             -1
3092,             -1
3093,             -1
3094,             -1
3095,             -1
3096,             -1
3097,             -1
3098,             -1
3099,             -1
3100,             -1
3101,             -1
3102,             -1
3103,             -1
3104,             -1
3105,             -1
3106,             -1
3107,             -1
3108,             -1
3109,             -1
3110,             -1
3111,             -1
3112,             -1
3113,             -1
3114,             -1
3115,             -1
3116,             -1
3117,             -1
3118,             -1
3119,             -1
3120,             -1
3121,             -1
3122,             -1
3123,             -1
3124,             -1
3125,             -1
3126,             -1
3127,             -1
3128,             -1
3129,             -1
3130,             -1
3131,             -1
3132,             -1
3133,             -1
3134,             -1
3135,             -1
3136,             -1
3137,             -1
3138,             -1
3139,             -1
3140,             -1
3141,             -1
3142,             -1
3143,             -1
3144,             -1
3145,             -1
3146,             -1
3147,             -1
3148,             -1
3149,             -1
3150,             -1
3151,             -1
3152,             -1
3153,             -1
3154,             -1
3155,             -1
3156,             -1
3157,             -1
3158,             -1
3159,             -1
3160,             -1
3161,             -1
3162,             -1
3163,             -1
3164,             -1
3165,             -1
3166,             -1
3167,             -1
3168,             -1
3169,             -1
3170,             -1
3171,             -1
3172,             -1
3173,             -1
3174,             -1
3175,             -1
3176,             -1
3177,             -1
3178,             -1
3179,             -1
3180,             -1
3181,             -1
3182,             -1
3183,             -1
3184,             -1
3185,             -1
3186,             -1
3187,             -1
3188,             -1
3189,             -1
3190,             -1
3191,             -1
3192,             -1
3193,             -1
3194,             -1
3195,             -1
3196,             -1
3197,             -1
3198,             -1
3199,             -1
ENDTABLE
DELFT_TYRE_DLL mfswift_tire_2022_1_1
DELFT_TYRE_SW 31104
DELFT_TYRE_TVM 0
DELFT_TYRE_INIT
LOG_ENTRY Used Dataset: Tire (External); { * MF-Tyre / MF-Swift } 510 mm Radius (MF-Tyre, Static)
EXIT_PARSFILE Tires\External\TireExt_23d606e5-ccc7-4c91-b0ca-67ebf7e838d4.par

ENTER_PARSFILE Tire_Tester\TestTire_9ce17292-3241-4901-b230-91c566f3ba8e.par
#FullDataName Tire Tester`Sweep Kappa: Fz = 20000 N`Sweep Kappa +/- 1.0
MUX_TEST -1
MUY_TEST -1
SPEED_TEST 10
RR_SURF 1
iunit 1
OPT_TEST_MODE 2
KAPPA_LOWER -1
KAPPA_UPPER 1
KAPPA_STEP 0.01
FZ_TEST 20000
ALPHA_TEST 0
GAMMA_TEST 0
ENTER_PARSFILE Generic\VS_commands\GenVS_93ae188b-d455-4856-8118-d9b6e181f3c9.par
#FullDataName Generic VS Commands`Derived Outputs vs. Kappa`Tire Tester
define_output mu_y_l1 = if_not_0_then( fz_l1, fy_l1 / fz_l1, 0); units = -;
set_output_long_name mu_y_l1 Normalized lateral force
define_output mu_x_l1 = if_not_0_then(fz_l1, fx_l1 / fz_l1, 0); units = -;
set_output_long_name mu_x_l1 Normalized longitudinal force
define_output slip_l1 = tan(alpha_l1); units = -;
set_output_long_name slip_l1 Tangent of slip angle
define_output y_ctc_l1 = if_not_0_then( fz_l1, mx_l1 / fz_l1, 0); units = mm;
set_output_long_name y_ctc_l1 CTC lateral shift
define_output mz_fx_l1 = fx_l1 * y_ctc_l1; units = N-m;
set_output_long_name mz_fx_l1 Mz due to Fx and CTC lat. shift
define_output mz_fy_l1 = mz_l1 - mz_fx_l1; units = N-m;
set_output_long_name mz_fy_l1 Aligning moment due to Fy
define_output trail_l1 = if_not_0_then(fy_l1, mz_fy_l1 / fy_l1, 0); units = mm;
set_output_long_name trail_l1 Pneumatic trail
ENTER_PARSFILE Plot\Setup\Plot_3cac319d-5482-42d1-8f75-b9244853c0a5.par
#FullDataName Plot: Setup`Normalized Lateral Force vs. Kappa`Tire Tester Derived Outputs
ADD_ENTITY Plot
ENTER_PARSFILE Plot\Format\PlotFmt_9c0da54c-ef5e-4a28-a4f7-2b9b79dcd98d.par
#FullDataName Plot: Format`Line Plots, No Symbols`
LEGENDPERCENT 60
TITLEFONTSIZE 10
TITLELOCATION -1
AXES Axes
FRAME Frame
GRID CourseGrid
LEGENDDATA_1 RigidBodyName
TITLEFONTSTYLE Regular
TITLEFONTNAME Arial
LEGENDFONTNAME Arial
LEGENDFONTSIZE 10
LEGENDFONTSTYLE Regular
LABELFONTNAME Arial
LABELFONTSIZE 10
LABELFONTSTYLE Regular
TICLABELFONTNAME Arial
TICLABELFONTSIZE 10
TICLABELFONTSTYLE Regular
SYMBOLS 0,0,0,0,0,0,0,0,8,9,10,4,1,2,3,4,5,6,7,8
LINESTYL 1,1,1,1,1,1,2,1,1,1,2,1,1,1,2,1,1,1,2,1
COLORS 8,2,3,7,4,0,6,14,8,9,10,11,12,13,14,6,1,2,0,4
LOG_ENTRY Used Dataset: Plot: Format; Line Plots, No Symbols
EXIT_PARSFILE Plot\Format\PlotFmt_9c0da54c-ef5e-4a28-a4f7-2b9b79dcd98d.par

PLOTCHANNELS mu_y_l1, kappa_l1
WRT_MU_Y_L1
WRT_KAPPA_L1
YMaxmin Auto
XMaxmin Auto
PTITLE Normalized Lateral Force vs. Kappa
END_ENTITY Plot
LOG_ENTRY Used Dataset: Plot: Setup; { Tire Tester Derived Outputs } Normalized Lateral Force vs. Kappa
EXIT_PARSFILE Plot\Setup\Plot_3cac319d-5482-42d1-8f75-b9244853c0a5.par

ENTER_PARSFILE Plot\Setup\Plot_40b4f04e-f48c-4627-84c9-b8c698c72471.par
#FullDataName Plot: Setup`Normalized Longitudinal Force vs. Kappa`Tire Tester Derived Outputs
ADD_ENTITY Plot
ENTER_PARSFILE Plot\Format\PlotFmt_9c0da54c-ef5e-4a28-a4f7-2b9b79dcd98d.par
#FullDataName Plot: Format`Line Plots, No Symbols`
LEGENDPERCENT 60
TITLEFONTSIZE 10
TITLELOCATION -1
AXES Axes
FRAME Frame
GRID CourseGrid
LEGENDDATA_1 RigidBodyName
TITLEFONTSTYLE Regular
TITLEFONTNAME Arial
LEGENDFONTNAME Arial
LEGENDFONTSIZE 10
LEGENDFONTSTYLE Regular
LABELFONTNAME Arial
LABELFONTSIZE 10
LABELFONTSTYLE Regular
TICLABELFONTNAME Arial
TICLABELFONTSIZE 10
TICLABELFONTSTYLE Regular
SYMBOLS 0,0,0,0,0,0,0,0,8,9,10,4,1,2,3,4,5,6,7,8
LINESTYL 1,1,1,1,1,1,2,1,1,1,2,1,1,1,2,1,1,1,2,1
COLORS 8,2,3,7,4,0,6,14,8,9,10,11,12,13,14,6,1,2,0,4
LOG_ENTRY Used Dataset: Plot: Format; Line Plots, No Symbols
EXIT_PARSFILE Plot\Format\PlotFmt_9c0da54c-ef5e-4a28-a4f7-2b9b79dcd98d.par

PLOTCHANNELS mu_x_l1, kappa_l1
WRT_MU_X_L1
WRT_KAPPA_L1
YMaxmin Auto
XMaxmin Auto
PTITLE Normalized Longitudinal Force vs. Kappa
END_ENTITY Plot
LOG_ENTRY Used Dataset: Plot: Setup; { Tire Tester Derived Outputs } Normalized Longitudinal Force vs. Kappa
EXIT_PARSFILE Plot\Setup\Plot_40b4f04e-f48c-4627-84c9-b8c698c72471.par

ENTER_PARSFILE Plot\Setup\Plot_26b5c1e8-f330-4205-beab-a3c66d761538.par
#FullDataName Plot: Setup`Tangent of Slip Angle vs. Kappa`Tire Tester Derived Outputs
ADD_ENTITY Plot
ENTER_PARSFILE Plot\Format\PlotFmt_9c0da54c-ef5e-4a28-a4f7-2b9b79dcd98d.par
#FullDataName Plot: Format`Line Plots, No Symbols`
LEGENDPERCENT 60
TITLEFONTSIZE 10
TITLELOCATION -1
AXES Axes
FRAME Frame
GRID CourseGrid
LEGENDDATA_1 RigidBodyName
TITLEFONTSTYLE Regular
TITLEFONTNAME Arial
LEGENDFONTNAME Arial
LEGENDFONTSIZE 10
LEGENDFONTSTYLE Regular
LABELFONTNAME Arial
LABELFONTSIZE 10
LABELFONTSTYLE Regular
TICLABELFONTNAME Arial
TICLABELFONTSIZE 10
TICLABELFONTSTYLE Regular
SYMBOLS 0,0,0,0,0,0,0,0,8,9,10,4,1,2,3,4,5,6,7,8
LINESTYL 1,1,1,1,1,1,2,1,1,1,2,1,1,1,2,1,1,1,2,1
COLORS 8,2,3,7,4,0,6,14,8,9,10,11,12,13,14,6,1,2,0,4
LOG_ENTRY Used Dataset: Plot: Format; Line Plots, No Symbols
EXIT_PARSFILE Plot\Format\PlotFmt_9c0da54c-ef5e-4a28-a4f7-2b9b79dcd98d.par

PLOTCHANNELS slip_l1, kappa_l1
WRT_SLIP_L1
WRT_KAPPA_L1
YMaxmin Auto
XMaxmin Auto
PTITLE Tangent of Slip Angle vs. Kappa
END_ENTITY Plot
LOG_ENTRY Used Dataset: Plot: Setup; { Tire Tester Derived Outputs } Tangent of Slip Angle vs. Kappa
EXIT_PARSFILE Plot\Setup\Plot_26b5c1e8-f330-4205-beab-a3c66d761538.par

ENTER_PARSFILE Plot\Setup\Plot_f79eecd6-f461-4dcb-b594-4c642723225f.par
#FullDataName Plot: Setup`Lateral Shift of CTC vs. Kappa`Tire Tester Derived Outputs
ADD_ENTITY Plot
ENTER_PARSFILE Plot\Format\PlotFmt_9c0da54c-ef5e-4a28-a4f7-2b9b79dcd98d.par
#FullDataName Plot: Format`Line Plots, No Symbols`
LEGENDPERCENT 60
TITLEFONTSIZE 10
TITLELOCATION -1
AXES Axes
FRAME Frame
GRID CourseGrid
LEGENDDATA_1 RigidBodyName
TITLEFONTSTYLE Regular
TITLEFONTNAME Arial
LEGENDFONTNAME Arial
LEGENDFONTSIZE 10
LEGENDFONTSTYLE Regular
LABELFONTNAME Arial
LABELFONTSIZE 10
LABELFONTSTYLE Regular
TICLABELFONTNAME Arial
TICLABELFONTSIZE 10
TICLABELFONTSTYLE Regular
SYMBOLS 0,0,0,0,0,0,0,0,8,9,10,4,1,2,3,4,5,6,7,8
LINESTYL 1,1,1,1,1,1,2,1,1,1,2,1,1,1,2,1,1,1,2,1
COLORS 8,2,3,7,4,0,6,14,8,9,10,11,12,13,14,6,1,2,0,4
LOG_ENTRY Used Dataset: Plot: Format; Line Plots, No Symbols
EXIT_PARSFILE Plot\Format\PlotFmt_9c0da54c-ef5e-4a28-a4f7-2b9b79dcd98d.par

PLOTCHANNELS y_ctc_l1, kappa_l1
WRT_Y_CTC_L1
WRT_KAPPA_L1
YMaxmin Auto
XMaxmin Auto
PTITLE Lateral Shift of CTC vs. Kappa
END_ENTITY Plot
LOG_ENTRY Used Dataset: Plot: Setup; { Tire Tester Derived Outputs } Lateral Shift of CTC vs. Kappa
EXIT_PARSFILE Plot\Setup\Plot_f79eecd6-f461-4dcb-b594-4c642723225f.par

ENTER_PARSFILE Plot\Setup\Plot_617ac41a-4bab-49e7-a2a2-194267104cea.par
#FullDataName Plot: Setup`Mz due to Fx vs. Kappa`Tire Tester Derived Outputs
ADD_ENTITY Plot
ENTER_PARSFILE Plot\Format\PlotFmt_9c0da54c-ef5e-4a28-a4f7-2b9b79dcd98d.par
#FullDataName Plot: Format`Line Plots, No Symbols`
LEGENDPERCENT 60
TITLEFONTSIZE 10
TITLELOCATION -1
AXES Axes
FRAME Frame
GRID CourseGrid
LEGENDDATA_1 RigidBodyName
TITLEFONTSTYLE Regular
TITLEFONTNAME Arial
LEGENDFONTNAME Arial
LEGENDFONTSIZE 10
LEGENDFONTSTYLE Regular
LABELFONTNAME Arial
LABELFONTSIZE 10
LABELFONTSTYLE Regular
TICLABELFONTNAME Arial
TICLABELFONTSIZE 10
TICLABELFONTSTYLE Regular
SYMBOLS 0,0,0,0,0,0,0,0,8,9,10,4,1,2,3,4,5,6,7,8
LINESTYL 1,1,1,1,1,1,2,1,1,1,2,1,1,1,2,1,1,1,2,1
COLORS 8,2,3,7,4,0,6,14,8,9,10,11,12,13,14,6,1,2,0,4
LOG_ENTRY Used Dataset: Plot: Format; Line Plots, No Symbols
EXIT_PARSFILE Plot\Format\PlotFmt_9c0da54c-ef5e-4a28-a4f7-2b9b79dcd98d.par

PLOTCHANNELS mz_fx_l1, kappa_l1
WRT_MZ_FX_L1
WRT_KAPPA_L1
YMaxmin Auto
XMaxmin Auto
PTITLE Mz due to Fx vs. Kappa
END_ENTITY Plot
LOG_ENTRY Used Dataset: Plot: Setup; { Tire Tester Derived Outputs } Mz due to Fx vs. Kappa
EXIT_PARSFILE Plot\Setup\Plot_617ac41a-4bab-49e7-a2a2-194267104cea.par

ENTER_PARSFILE Plot\Setup\Plot_85bd6a82-2677-4ed2-8b5f-71db7bf1dc13.par
#FullDataName Plot: Setup`Mz: Fy & Pneumatic Trail vs. Kappa`Tire Tester Derived Outputs
ADD_ENTITY Plot
ENTER_PARSFILE Plot\Format\PlotFmt_9c0da54c-ef5e-4a28-a4f7-2b9b79dcd98d.par
#FullDataName Plot: Format`Line Plots, No Symbols`
LEGENDPERCENT 60
TITLEFONTSIZE 10
TITLELOCATION -1
AXES Axes
FRAME Frame
GRID CourseGrid
LEGENDDATA_1 RigidBodyName
TITLEFONTSTYLE Regular
TITLEFONTNAME Arial
LEGENDFONTNAME Arial
LEGENDFONTSIZE 10
LEGENDFONTSTYLE Regular
LABELFONTNAME Arial
LABELFONTSIZE 10
LABELFONTSTYLE Regular
TICLABELFONTNAME Arial
TICLABELFONTSIZE 10
TICLABELFONTSTYLE Regular
SYMBOLS 0,0,0,0,0,0,0,0,8,9,10,4,1,2,3,4,5,6,7,8
LINESTYL 1,1,1,1,1,1,2,1,1,1,2,1,1,1,2,1,1,1,2,1
COLORS 8,2,3,7,4,0,6,14,8,9,10,11,12,13,14,6,1,2,0,4
LOG_ENTRY Used Dataset: Plot: Format; Line Plots, No Symbols
EXIT_PARSFILE Plot\Format\PlotFmt_9c0da54c-ef5e-4a28-a4f7-2b9b79dcd98d.par

PLOTCHANNELS mz_fy_l1, kappa_l1
WRT_MZ_FY_L1
WRT_KAPPA_L1
YMaxmin Auto
XMaxmin Auto
PTITLE Mz: Fy & Pneumatic Trail vs. Kappa
END_ENTITY Plot
LOG_ENTRY Used Dataset: Plot: Setup; { Tire Tester Derived Outputs } Mz: Fy & Pneumatic Trail vs. Kappa
EXIT_PARSFILE Plot\Setup\Plot_85bd6a82-2677-4ed2-8b5f-71db7bf1dc13.par

ENTER_PARSFILE Plot\Setup\Plot_f623aa24-4152-497e-adf1-894197938b37.par
#FullDataName Plot: Setup`Pneumatic Trail vs. Kappa`Tire Tester Derived Outputs
ADD_ENTITY Plot
ENTER_PARSFILE Plot\Format\PlotFmt_9c0da54c-ef5e-4a28-a4f7-2b9b79dcd98d.par
#FullDataName Plot: Format`Line Plots, No Symbols`
LEGENDPERCENT 60
TITLEFONTSIZE 10
TITLELOCATION -1
AXES Axes
FRAME Frame
GRID CourseGrid
LEGENDDATA_1 RigidBodyName
TITLEFONTSTYLE Regular
TITLEFONTNAME Arial
LEGENDFONTNAME Arial
LEGENDFONTSIZE 10
LEGENDFONTSTYLE Regular
LABELFONTNAME Arial
LABELFONTSIZE 10
LABELFONTSTYLE Regular
TICLABELFONTNAME Arial
TICLABELFONTSIZE 10
TICLABELFONTSTYLE Regular
SYMBOLS 0,0,0,0,0,0,0,0,8,9,10,4,1,2,3,4,5,6,7,8
LINESTYL 1,1,1,1,1,1,2,1,1,1,2,1,1,1,2,1,1,1,2,1
COLORS 8,2,3,7,4,0,6,14,8,9,10,11,12,13,14,6,1,2,0,4
LOG_ENTRY Used Dataset: Plot: Format; Line Plots, No Symbols
EXIT_PARSFILE Plot\Format\PlotFmt_9c0da54c-ef5e-4a28-a4f7-2b9b79dcd98d.par

PLOTCHANNELS trail_l1, kappa_l1
WRT_TRAIL_L1
WRT_KAPPA_L1
YMaxmin Auto
XMaxmin Auto
PTITLE Pneumatic Trail vs. Kappa
END_ENTITY Plot
LOG_ENTRY Used Dataset: Plot: Setup; { Tire Tester Derived Outputs } Pneumatic Trail vs. Kappa
EXIT_PARSFILE Plot\Setup\Plot_f623aa24-4152-497e-adf1-894197938b37.par

LOG_ENTRY Used Dataset: Generic VS Commands; { Tire Tester } Derived Outputs vs. Kappa
EXIT_PARSFILE Generic\VS_commands\GenVS_93ae188b-d455-4856-8118-d9b6e181f3c9.par

ENTER_PARSFILE Plot\Setup\Plot_0a6688bd-3e8e-4dcf-a717-661cb1cd5897.par
#FullDataName Plot: Setup`Fx vs. Fy`Tire Tester
ADD_ENTITY Plot
ENTER_PARSFILE Plot\Format\PlotFmt_9c0da54c-ef5e-4a28-a4f7-2b9b79dcd98d.par
#FullDataName Plot: Format`Line Plots, No Symbols`
LEGENDPERCENT 60
TITLEFONTSIZE 10
TITLELOCATION -1
AXES Axes
FRAME Frame
GRID CourseGrid
LEGENDDATA_1 RigidBodyName
TITLEFONTSTYLE Regular
TITLEFONTNAME Arial
LEGENDFONTNAME Arial
LEGENDFONTSIZE 10
LEGENDFONTSTYLE Regular
LABELFONTNAME Arial
LABELFONTSIZE 10
LABELFONTSTYLE Regular
TICLABELFONTNAME Arial
TICLABELFONTSIZE 10
TICLABELFONTSTYLE Regular
SYMBOLS 0,0,0,0,0,0,0,0,8,9,10,4,1,2,3,4,5,6,7,8
LINESTYL 1,1,1,1,1,1,2,1,1,1,2,1,1,1,2,1,1,1,2,1
COLORS 8,2,3,7,4,0,6,14,8,9,10,11,12,13,14,6,1,2,0,4
LOG_ENTRY Used Dataset: Plot: Format; Line Plots, No Symbols
EXIT_PARSFILE Plot\Format\PlotFmt_9c0da54c-ef5e-4a28-a4f7-2b9b79dcd98d.par

PLOTCHANNELS Fx_L1, Fy_L1
WRT_FX_L1
WRT_FY_L1
YMaxmin Auto
XMaxmin Auto
PTITLE Fx vs. Fy
END_ENTITY Plot
LOG_ENTRY Used Dataset: Plot: Setup; { Tire Tester } Fx vs. Fy
EXIT_PARSFILE Plot\Setup\Plot_0a6688bd-3e8e-4dcf-a717-661cb1cd5897.par

ENTER_PARSFILE Plot\Setup\Plot_118482c5-5af6-480f-9260-7392daa5203a.par
#FullDataName Plot: Setup`Fx vs. Kappa`Tire Tester
ADD_ENTITY Plot
ENTER_PARSFILE Plot\Format\PlotFmt_9c0da54c-ef5e-4a28-a4f7-2b9b79dcd98d.par
#FullDataName Plot: Format`Line Plots, No Symbols`
LEGENDPERCENT 60
TITLEFONTSIZE 10
TITLELOCATION -1
AXES Axes
FRAME Frame
GRID CourseGrid
LEGENDDATA_1 RigidBodyName
TITLEFONTSTYLE Regular
TITLEFONTNAME Arial
LEGENDFONTNAME Arial
LEGENDFONTSIZE 10
LEGENDFONTSTYLE Regular
LABELFONTNAME Arial
LABELFONTSIZE 10
LABELFONTSTYLE Regular
TICLABELFONTNAME Arial
TICLABELFONTSIZE 10
TICLABELFONTSTYLE Regular
SYMBOLS 0,0,0,0,0,0,0,0,8,9,10,4,1,2,3,4,5,6,7,8
LINESTYL 1,1,1,1,1,1,2,1,1,1,2,1,1,1,2,1,1,1,2,1
COLORS 8,2,3,7,4,0,6,14,8,9,10,11,12,13,14,6,1,2,0,4
LOG_ENTRY Used Dataset: Plot: Format; Line Plots, No Symbols
EXIT_PARSFILE Plot\Format\PlotFmt_9c0da54c-ef5e-4a28-a4f7-2b9b79dcd98d.par

PLOTCHANNELS Fx_L1, Kappa_L1
WRT_FX_L1
WRT_KAPPA_L1
YMaxmin Auto
XMaxmin Auto
PTITLE Fx vs. Kappa
END_ENTITY Plot
LOG_ENTRY Used Dataset: Plot: Setup; { Tire Tester } Fx vs. Kappa
EXIT_PARSFILE Plot\Setup\Plot_118482c5-5af6-480f-9260-7392daa5203a.par

ENTER_PARSFILE Plot\Setup\Plot_f4a9c368-5bfb-49da-9f81-a3c839a7413a.par
#FullDataName Plot: Setup`Fy vs. Kappa`Tire Tester
ADD_ENTITY Plot
ENTER_PARSFILE Plot\Format\PlotFmt_9c0da54c-ef5e-4a28-a4f7-2b9b79dcd98d.par
#FullDataName Plot: Format`Line Plots, No Symbols`
LEGENDPERCENT 60
TITLEFONTSIZE 10
TITLELOCATION -1
AXES Axes
FRAME Frame
GRID CourseGrid
LEGENDDATA_1 RigidBodyName
TITLEFONTSTYLE Regular
TITLEFONTNAME Arial
LEGENDFONTNAME Arial
LEGENDFONTSIZE 10
LEGENDFONTSTYLE Regular
LABELFONTNAME Arial
LABELFONTSIZE 10
LABELFONTSTYLE Regular
TICLABELFONTNAME Arial
TICLABELFONTSIZE 10
TICLABELFONTSTYLE Regular
SYMBOLS 0,0,0,0,0,0,0,0,8,9,10,4,1,2,3,4,5,6,7,8
LINESTYL 1,1,1,1,1,1,2,1,1,1,2,1,1,1,2,1,1,1,2,1
COLORS 8,2,3,7,4,0,6,14,8,9,10,11,12,13,14,6,1,2,0,4
LOG_ENTRY Used Dataset: Plot: Format; Line Plots, No Symbols
EXIT_PARSFILE Plot\Format\PlotFmt_9c0da54c-ef5e-4a28-a4f7-2b9b79dcd98d.par

PLOTCHANNELS Fy_L1, Kappa_L1
WRT_FY_L1
WRT_KAPPA_L1
YMaxmin Auto
XMaxmin Auto
PTITLE Fy vs. Kappa
END_ENTITY Plot
LOG_ENTRY Used Dataset: Plot: Setup; { Tire Tester } Fy vs. Kappa
EXIT_PARSFILE Plot\Setup\Plot_f4a9c368-5bfb-49da-9f81-a3c839a7413a.par

ENTER_PARSFILE Plot\Setup\Plot_f32b25ca-2b84-4e17-b459-06ffcfc0ce73.par
#FullDataName Plot: Setup`Mz vs. Kappa`Tire Tester
ADD_ENTITY Plot
ENTER_PARSFILE Plot\Format\PlotFmt_9c0da54c-ef5e-4a28-a4f7-2b9b79dcd98d.par
#FullDataName Plot: Format`Line Plots, No Symbols`
LEGENDPERCENT 60
TITLEFONTSIZE 10
TITLELOCATION -1
AXES Axes
FRAME Frame
GRID CourseGrid
LEGENDDATA_1 RigidBodyName
TITLEFONTSTYLE Regular
TITLEFONTNAME Arial
LEGENDFONTNAME Arial
LEGENDFONTSIZE 10
LEGENDFONTSTYLE Regular
LABELFONTNAME Arial
LABELFONTSIZE 10
LABELFONTSTYLE Regular
TICLABELFONTNAME Arial
TICLABELFONTSIZE 10
TICLABELFONTSTYLE Regular
SYMBOLS 0,0,0,0,0,0,0,0,8,9,10,4,1,2,3,4,5,6,7,8
LINESTYL 1,1,1,1,1,1,2,1,1,1,2,1,1,1,2,1,1,1,2,1
COLORS 8,2,3,7,4,0,6,14,8,9,10,11,12,13,14,6,1,2,0,4
LOG_ENTRY Used Dataset: Plot: Format; Line Plots, No Symbols
EXIT_PARSFILE Plot\Format\PlotFmt_9c0da54c-ef5e-4a28-a4f7-2b9b79dcd98d.par

PLOTCHANNELS Mz_L1, Kappa_L1
WRT_MZ_L1
WRT_KAPPA_L1
YMaxmin Auto
XMaxmin Auto
PTITLE Mz vs. Kappa
END_ENTITY Plot
LOG_ENTRY Used Dataset: Plot: Setup; { Tire Tester } Mz vs. Kappa
EXIT_PARSFILE Plot\Setup\Plot_f32b25ca-2b84-4e17-b459-06ffcfc0ce73.par

ENTER_PARSFILE Plot\Setup\Plot_324ec55d-05a8-41e2-a51d-58688af409d3.par
#FullDataName Plot: Setup`Mx vs. Kappa`Tire Tester
ADD_ENTITY Plot
ENTER_PARSFILE Plot\Format\PlotFmt_9c0da54c-ef5e-4a28-a4f7-2b9b79dcd98d.par
#FullDataName Plot: Format`Line Plots, No Symbols`
LEGENDPERCENT 60
TITLEFONTSIZE 10
TITLELOCATION -1
AXES Axes
FRAME Frame
GRID CourseGrid
LEGENDDATA_1 RigidBodyName
TITLEFONTSTYLE Regular
TITLEFONTNAME Arial
LEGENDFONTNAME Arial
LEGENDFONTSIZE 10
LEGENDFONTSTYLE Regular
LABELFONTNAME Arial
LABELFONTSIZE 10
LABELFONTSTYLE Regular
TICLABELFONTNAME Arial
TICLABELFONTSIZE 10
TICLABELFONTSTYLE Regular
SYMBOLS 0,0,0,0,0,0,0,0,8,9,10,4,1,2,3,4,5,6,7,8
LINESTYL 1,1,1,1,1,1,2,1,1,1,2,1,1,1,2,1,1,1,2,1
COLORS 8,2,3,7,4,0,6,14,8,9,10,11,12,13,14,6,1,2,0,4
LOG_ENTRY Used Dataset: Plot: Format; Line Plots, No Symbols
EXIT_PARSFILE Plot\Format\PlotFmt_9c0da54c-ef5e-4a28-a4f7-2b9b79dcd98d.par

PLOTCHANNELS Mx_L1, Kappa_L1
WRT_MX_L1
WRT_KAPPA_L1
YMaxmin Auto
XMaxmin Auto
PTITLE Mx vs. Kappa
END_ENTITY Plot
LOG_ENTRY Used Dataset: Plot: Setup; { Tire Tester } Mx vs. Kappa
EXIT_PARSFILE Plot\Setup\Plot_324ec55d-05a8-41e2-a51d-58688af409d3.par

ENTER_PARSFILE Plot\Setup\Plot_f1898cf5-0fc6-435c-b961-becd6e78b186.par
#FullDataName Plot: Setup`My vs. Kappa`Tire Tester
ADD_ENTITY Plot
ENTER_PARSFILE Plot\Format\PlotFmt_9c0da54c-ef5e-4a28-a4f7-2b9b79dcd98d.par
#FullDataName Plot: Format`Line Plots, No Symbols`
LEGENDPERCENT 60
TITLEFONTSIZE 10
TITLELOCATION -1
AXES Axes
FRAME Frame
GRID CourseGrid
LEGENDDATA_1 RigidBodyName
TITLEFONTSTYLE Regular
TITLEFONTNAME Arial
LEGENDFONTNAME Arial
LEGENDFONTSIZE 10
LEGENDFONTSTYLE Regular
LABELFONTNAME Arial
LABELFONTSIZE 10
LABELFONTSTYLE Regular
TICLABELFONTNAME Arial
TICLABELFONTSIZE 10
TICLABELFONTSTYLE Regular
SYMBOLS 0,0,0,0,0,0,0,0,8,9,10,4,1,2,3,4,5,6,7,8
LINESTYL 1,1,1,1,1,1,2,1,1,1,2,1,1,1,2,1,1,1,2,1
COLORS 8,2,3,7,4,0,6,14,8,9,10,11,12,13,14,6,1,2,0,4
LOG_ENTRY Used Dataset: Plot: Format; Line Plots, No Symbols
EXIT_PARSFILE Plot\Format\PlotFmt_9c0da54c-ef5e-4a28-a4f7-2b9b79dcd98d.par

PLOTCHANNELS My_L1, Kappa_L1
WRT_MY_L1
WRT_KAPPA_L1
YMaxmin Auto
XMaxmin Auto
PTITLE My vs. Kappa
END_ENTITY Plot
LOG_ENTRY Used Dataset: Plot: Setup; { Tire Tester } My vs. Kappa
EXIT_PARSFILE Plot\Setup\Plot_f1898cf5-0fc6-435c-b961-becd6e78b186.par

ENTER_PARSFILE Plot\Setup\Plot_1b537f9d-b699-4e5d-a558-c6d988ac53f4.par
#FullDataName Plot: Setup`Fy vs. Fx`Tire Tester
ADD_ENTITY Plot
ENTER_PARSFILE Plot\Format\PlotFmt_9c0da54c-ef5e-4a28-a4f7-2b9b79dcd98d.par
#FullDataName Plot: Format`Line Plots, No Symbols`
LEGENDPERCENT 60
TITLEFONTSIZE 10
TITLELOCATION -1
AXES Axes
FRAME Frame
GRID CourseGrid
LEGENDDATA_1 RigidBodyName
TITLEFONTSTYLE Regular
TITLEFONTNAME Arial
LEGENDFONTNAME Arial
LEGENDFONTSIZE 10
LEGENDFONTSTYLE Regular
LABELFONTNAME Arial
LABELFONTSIZE 10
LABELFONTSTYLE Regular
TICLABELFONTNAME Arial
TICLABELFONTSIZE 10
TICLABELFONTSTYLE Regular
SYMBOLS 0,0,0,0,0,0,0,0,8,9,10,4,1,2,3,4,5,6,7,8
LINESTYL 1,1,1,1,1,1,2,1,1,1,2,1,1,1,2,1,1,1,2,1
COLORS 8,2,3,7,4,0,6,14,8,9,10,11,12,13,14,6,1,2,0,4
LOG_ENTRY Used Dataset: Plot: Format; Line Plots, No Symbols
EXIT_PARSFILE Plot\Format\PlotFmt_9c0da54c-ef5e-4a28-a4f7-2b9b79dcd98d.par

PLOTCHANNELS Fy_L1, Fx_L1
WRT_FY_L1
WRT_FX_L1
YMaxmin Auto
XMaxmin Auto
PTITLE Fy vs. Fx
END_ENTITY Plot
LOG_ENTRY Used Dataset: Plot: Setup; { Tire Tester } Fy vs. Fx
EXIT_PARSFILE Plot\Setup\Plot_1b537f9d-b699-4e5d-a558-c6d988ac53f4.par

LOG_ENTRY Used Dataset: Tire Tester; { Sweep Kappa +/- 1.0 } Sweep Kappa: Fz = 20000 N
EXIT_PARSFILE Tire_Tester\TestTire_9ce17292-3241-4901-b230-91c566f3ba8e.par

ENTER_PARSFILE IO_Channels\W_Channels\Write_73f85ec3-df3e-41b9-8300-c4b1c96e0f2d.par
#FullDataName I/O Channels: Write`All Outputs with Tire for Excel`Tire Tester
OPT_AUXOUT_CSV 1
OPT_AUXOUT_MAT 0
OPT_AUXOUT_ALL_WRITE_CSV 0
WRT_Kappa_L1
WRTAUX Kappa_L1
WRT_Alpha_L1
WRTAUX Alpha_L1
WRT_Gamma_L1
WRTAUX Gamma_L1
WRT_Fx_L1
WRTAUX Fx_L1
WRT_Fy_L1
WRTAUX Fy_L1
WRT_Fz_L1
WRTAUX Fz_L1
WRT_Mx_L1
WRTAUX Mx_L1
WRT_My_L1
WRTAUX My_L1
WRT_Mz_L1
WRTAUX Mz_L1
LOG_ENTRY Used Dataset: I/O Channels: Write; { Tire Tester } All Outputs with Tire for Excel
EXIT_PARSFILE IO_Channels\W_Channels\Write_73f85ec3-df3e-41b9-8300-c4b1c96e0f2d.par

WRITE_SENSOR_DETECT
Title MF-Tyre Frict. Ellipse - Alpha = -4 deg <Tire Tester>
CATEGORY Tire Tester
DATASET_TITLE MF-Tyre Frict. Ellipse - Alpha = -4 deg
ALPHA_TEST  -4
NUM_CACHED_RUNS 1
LOG_ENTRY Used Dataset: TruckSim Run Control; { Tire Tester } MF-Tyre Frict. Ellipse - Alpha = -4 deg
EXIT_PARSFILE Runs\Run_931e0bad-6f17-4e1e-acc1-d562db84b39f.par


OPT_AUXOUT_PRESENT
END
