PARSFILE
#FullDataName Control: Steering (Open Loop)`Sine Wave (0.2 Hz) #1`Sine Wave
OPT_DM 0
OPT_STR_BY_TRQ 0
#CheckBox0 0    

#RingCtrl0 SPLINE_FLAT
#RadioCtrl0 0    

#DiagramOne0
STEER_SW_TABLE SPLINE_FLAT
0, 0
0.2, 11.28
0.4, 22.382
0.6, 33.131
0.8, 43.358
1, 52.901
1.2, 61.609
1.4, 69.346
1.6, 75.99
1.8, 81.434
2, 85.595
2.2, 88.406
2.4, 89.822
2.6, 89.822
2.8, 88.406
3, 85.595
3.2, 81.434
3.4, 75.99
3.6, 69.346
3.8, 61.609
4, 52.901
4.2, 43.358
4.4, 33.131
4.6, 22.382
4.8, 11.28
5, 1.1021e-14
5.2, -11.28
5.4, -22.382
5.6, -33.131
5.8, -43.358
6, -52.901
6.2, -61.609
6.4, -69.346
6.6, -75.99
6.8, -81.434
7, -85.595
7.2, -88.406
7.4, -89.822
7.6, -89.822
7.8, -88.406
8, -85.595
8.2, -81.434
8.4, -75.99
8.6, -69.346
8.8, -61.609
9, -52.901
9.2, -43.358
9.4, -33.131
9.6, -22.382
9.8, -11.28
10, -2.2043e-14
10.2, 11.28
10.4, 22.382
10.6, 33.131
10.8, 43.358
11, 52.901
11.2, 61.609
11.4, 69.346
11.6, 75.99
11.8, 81.434
12, 85.595
12.2, 88.406
12.4, 89.822
12.6, 89.822
12.8, 88.406
13, 85.595
13.2, 81.434
13.4, 75.99
13.6, 69.346
13.8, 61.609
14, 52.901
14.2, 43.358
14.4, 33.131
14.6, 22.382
14.8, 11.28
15, 3.3064e-14
15.2, -11.28
15.4, -22.382
15.6, -33.131
15.8, -43.358
16, -52.901
16.2, -61.609
16.4, -69.346
16.6, -75.99
16.8, -81.434
17, -85.595
17.2, -88.406
17.4, -89.822
17.6, -89.822
17.8, -88.406
18, -85.595
18.2, -81.434
18.4, -75.99
18.6, -69.346
18.8, -61.609
19, -52.901
19.2, -43.358
19.4, -33.131
19.6, -22.382
19.8, -11.28
20, -4.4086e-14
20.2, 11.28
20.4, 22.382
20.6, 33.131
20.8, 43.358
21, 52.901
21.2, 61.609
21.4, 69.346
21.6, 75.99
21.8, 81.434
22, 85.595
22.2, 88.406
22.4, 89.822
22.6, 89.822
22.8, 88.406
23, 85.595
23.2, 81.434
23.4, 75.99
23.6, 69.346
23.8, 61.609
24, 52.901
24.2, 43.358
24.4, 33.131
24.6, 22.382
24.8, 11.28
25, 5.5107e-14
25.2, -11.28
25.4, -22.382
25.6, -33.131
25.8, -43.358
26, -52.901
26.2, -61.609
26.4, -69.346
26.6, -75.99
26.8, -81.434
27, -85.595
27.2, -88.406
27.4, -89.822
27.6, -89.822
27.8, -88.406
28, -85.595
28.2, -81.434
28.4, -75.99
28.6, -69.346
28.8, -61.609
29, -52.901
29.2, -43.358
29.4, -33.131
29.6, -22.382
29.8, -11.28
30, -6.6129e-14
30.2, 11.28
30.4, 22.382
30.6, 33.131
30.8, 43.358
31, 52.901
31.2, 61.609
31.4, 69.346
31.6, 75.99
31.8, 81.434
32, 85.595
32.2, 88.406
32.4, 89.822
32.6, 89.822
32.8, 88.406
33, 85.595
33.2, 81.434
33.4, 75.99
33.6, 69.346
33.8, 61.609
34, 52.901
34.2, 43.358
34.4, 33.131
34.6, 22.382
34.8, 11.28
35, 7.715e-14
35.2, -11.28
35.4, -22.382
35.6, -33.131
35.8, -43.358
36, -52.901
36.2, -61.609
36.4, -69.346
36.6, -75.99
36.8, -81.434
37, -85.595
37.2, -88.406
37.4, -89.822
37.6, -89.822
37.8, -88.406
38, -85.595
38.2, -81.434
38.4, -75.99
38.6, -69.346
38.8, -61.609
39, -52.901
39.2, -43.358
39.4, -33.131
39.6, -22.382
39.8, -11.28
40, -8.8172e-14
40.2, 11.28
40.4, 22.382
40.6, 33.131
40.8, 43.358
41, 52.901
41.2, 61.609
41.4, 69.346
41.6, 75.99
41.8, 81.434
42, 85.595
42.2, 88.406
42.4, 89.822
42.6, 89.822
42.8, 88.406
43, 85.595
43.2, 81.434
43.4, 75.99
43.6, 69.346
43.8, 61.609
44, 52.901
44.2, 43.358
44.4, 33.131
44.6, 22.382
44.8, 11.28
45, 9.9193e-14
45.2, -11.28
45.4, -22.382
45.6, -33.131
45.8, -43.358
46, -52.901
46.2, -61.609
46.4, -69.346
46.6, -75.99
46.8, -81.434
47, -85.595
47.2, -88.406
47.4, -89.822
47.6, -89.822
47.8, -88.406
48, -85.595
48.2, -81.434
48.4, -75.99
48.6, -69.346
48.8, -61.609
49, -52.901
49.2, -43.358
49.4, -33.131
49.6, -22.382
49.8, -11.28
50, -1.1021e-13
50.2, 11.28
50.4, 22.382
50.6, 33.131
50.8, 43.358
51, 52.901
51.2, 61.609
51.4, 69.346
51.6, 75.99
51.8, 81.434
52, 85.595
52.2, 88.406
52.4, 89.822
52.6, 89.822
52.8, 88.406
53, 85.595
53.2, 81.434
53.4, 75.99
53.6, 69.346
53.8, 61.609
54, 52.901
54.2, 43.358
54.4, 33.131
54.6, 22.382
54.8, 11.28
55, 4.4098e-13
55.2, -11.28
55.4, -22.382
55.6, -33.131
55.8, -43.358
56, -52.901
56.2, -61.609
56.4, -69.346
56.6, -75.99
56.8, -81.434
57, -85.595
57.2, -88.406
57.4, -89.822
57.6, -89.822
57.8, -88.406
58, -85.595
58.2, -81.434
58.4, -75.99
58.6, -69.346
58.8, -61.609
59, -52.901
59.2, -43.358
59.4, -33.131
59.6, -22.382
59.8, -11.28
60, -1.3226e-13
60.2, 11.28
60.4, 22.382
60.6, 33.131
60.8, 43.358
61, 52.901
61.2, 61.609
61.4, 69.346
61.6, 75.99
61.8, 81.434
62, 85.595
62.2, 88.406
62.4, 89.822
62.6, 89.822
62.8, 88.406
63, 85.595
63.2, 81.434
63.4, 75.99
63.6, 69.346
63.8, 61.609
64, 52.901
64.2, 43.358
64.4, 33.131
64.6, 22.382
64.8, 11.28
65, -1.7647e-13
65.2, -11.28
65.4, -22.382
65.6, -33.131
65.8, -43.358
66, -52.901
66.2, -61.609
66.4, -69.346
66.6, -75.99
66.8, -81.434
67, -85.595
67.2, -88.406
67.4, -89.822
67.6, -89.822
67.8, -88.406
68, -85.595
68.2, -81.434
68.4, -75.99
68.6, -69.346
68.8, -61.609
69, -52.901
69.2, -43.358
69.4, -33.131
69.6, -22.382
69.8, -11.28
70, -1.543e-13
70.2, 11.28
70.4, 22.382
70.6, 33.131
70.8, 43.358
71, 52.901
71.2, 61.609
71.4, 69.346
71.6, 75.99
71.8, 81.434
72, 85.595
72.2, 88.406
72.4, 89.822
72.6, 89.822
72.8, 88.406
73, 85.595
73.2, 81.434
73.4, 75.99
73.6, 69.346
73.8, 61.609
74, 52.901
74.2, 43.358
74.4, 33.131
74.6, 22.382
74.8, 11.28
75, 4.8507e-13
75.2, -11.28
75.4, -22.382
75.6, -33.131
75.8, -43.358
76, -52.901
76.2, -61.609
76.4, -69.346
76.6, -75.99
76.8, -81.434
77, -85.595
77.2, -88.406
77.4, -89.822
77.6, -89.822
77.8, -88.406
78, -85.595
78.2, -81.434
78.4, -75.99
78.6, -69.346
78.8, -61.609
79, -52.901
79.2, -43.358
79.4, -33.131
79.6, -22.382
79.8, -11.28
80, -1.7634e-13
80.2, 11.28
80.4, 22.382
80.6, 33.131
80.8, 43.358
81, 52.901
81.2, 61.609
81.4, 69.346
81.6, 75.99
81.8, 81.434
82, 85.595
82.2, 88.406
82.4, 89.822
82.6, 89.822
82.8, 88.406
83, 85.595
83.2, 81.434
83.4, 75.99
83.6, 69.346
83.8, 61.609
84, 52.901
84.2, 43.358
84.4, 33.131
84.6, 22.382
84.8, 11.28
85, -1.3238e-13
85.2, -11.28
85.4, -22.382
85.6, -33.131
85.8, -43.358
86, -52.901
86.2, -61.609
86.4, -69.346
86.6, -75.99
86.8, -81.434
87, -85.595
87.2, -88.406
87.4, -89.822
87.6, -89.822
87.8, -88.406
88, -85.595
88.2, -81.434
88.4, -75.99
88.6, -69.346
88.8, -61.609
89, -52.901
89.2, -43.358
89.4, -33.131
89.6, -22.382
89.8, -11.28
90, -1.9839e-13
90.2, 11.28
90.4, 22.382
90.6, 33.131
90.8, 43.358
91, 52.901
91.2, 61.609
91.4, 69.346
91.6, 75.99
91.8, 81.434
92, 85.595
92.2, 88.406
92.4, 89.822
92.6, 89.822
92.8, 88.406
93, 85.595
93.2, 81.434
93.4, 75.99
93.6, 69.346
93.8, 61.609
94, 52.901
94.2, 43.358
94.4, 33.131
94.6, 22.382
94.8, 11.28
95, 5.2915e-13
95.2, -11.28
95.4, -22.382
95.6, -33.131
95.8, -43.358
96, -52.901
96.2, -61.609
96.4, -69.346
96.6, -75.99
96.8, -81.434
97, -85.595
97.2, -88.406
97.4, -89.822
97.6, -89.822
97.8, -88.406
98, -85.595
98.2, -81.434
98.4, -75.99
98.6, -69.346
98.8, -61.609
99, -52.901
99.2, -43.358
99.4, -33.131
99.6, -22.382
99.8, -11.28
100, -2.2043e-13
100.2, 11.28
100.4, 22.382
100.6, 33.131
100.8, 43.358
101, 52.901
101.2, 61.609
101.4, 69.346
101.6, 75.99
101.8, 81.434
102, 85.595
102.2, 88.406
102.4, 89.822
102.6, 89.822
102.8, 88.406
103, 85.595
103.2, 81.434
103.4, 75.99
103.6, 69.346
103.8, 61.609
104, 52.901
104.2, 43.358
104.4, 33.131
104.6, 22.382
104.8, 11.28
105, -8.8294e-14
105.2, -11.28
105.4, -22.382
105.6, -33.131
105.8, -43.358
106, -52.901
106.2, -61.609
106.4, -69.346
106.6, -75.99
106.8, -81.434
107, -85.595
107.2, -88.406
107.4, -89.822
107.6, -89.822
107.8, -88.406
108, -85.595
108.2, -81.434
108.4, -75.99
108.6, -69.346
108.8, -61.609
109, -52.901
109.2, -43.358
109.4, -33.131
109.6, -22.382
109.8, -11.28
110, -8.8196e-13
110.2, 11.28
110.4, 22.382
110.6, 33.131
110.8, 43.358
111, 52.901
111.2, 61.609
111.4, 69.346
111.6, 75.99
111.8, 81.434
112, 85.595
112.2, 88.406
112.4, 89.822
112.6, 89.822
112.8, 88.406
113, 85.595
113.2, 81.434
113.4, 75.99
113.6, 69.346
113.8, 61.609
114, 52.901
114.2, 43.358
114.4, 33.131
114.6, 22.382
114.8, 11.28
115, 5.7324e-13
115.2, -11.28
115.4, -22.382
115.6, -33.131
115.8, -43.358
116, -52.901
116.2, -61.609
116.4, -69.346
116.6, -75.99
116.8, -81.434
117, -85.595
117.2, -88.406
117.4, -89.822
117.6, -89.822
117.8, -88.406
118, -85.595
118.2, -81.434
118.4, -75.99
118.6, -69.346
118.8, -61.609
119, -52.901
119.2, -43.358
119.4, -33.131
119.6, -22.382
119.8, -11.28
120, 0
ENDTABLE


LOG_ENTRY Used Dataset: Control: Steering (Open Loop); { Sine Wave } Sine Wave (0.2 Hz) #1
#Library : Control: Steering (Open Loop)
#DataSet : Sine Wave (0.2 Hz) #1
#Category: Sine Wave
#FileID  : StrSW_7b46b379-51e3-4d90-aaa3-3c09fa5730da
#Created : 01-16-2023 21:49:30
#Modified: 01-16-2023 21:52:03
#Product : TruckSim 2023.0
#DataVer : 2023.0
#VehCode Open-Loop Steering

END
