PARSFILE
#FullDataName Control: Steering (Open Loop)`Ramp Steer #1`Sine With Dwell
OPT_DM 0
OPT_STR_BY_TRQ 0
#CheckBox0 0    

#RingCtrl0 STEP
#RadioCtrl0 0    

#DiagramOne0
STEER_SW_TABLE STEP
0, 0
0.01, 0
0.02, 0
0.03, 0
0.04, 0
0.05, 0
0.06, 0
0.07, 0
0.08, 0
0.09, 0
0.1, 0
0.11, 0
0.12, 0
0.13, 0
0.14, 0
0.15, 0
0.16, 0
0.17, 0
0.18, 0
0.19, 0
0.2, 0
0.21, 0
0.22, 0
0.23, 0
0.24, 0
0.25, 0
0.26, 0
0.27, 0
0.28, 0
0.29, 0
0.3, 0
0.31, 0
0.32, 0
0.33, 0
0.34, 0
0.35, 0
0.36, 0
0.37, 0
0.38, 0
0.39, 0
0.4, 0
0.41, 0
0.42, 0
0.43, 0
0.44, 0
0.45, 0
0.46, 0
0.47, 0
0.48, 0
0.49, 0
0.5, 0
0.51, 0
0.52, 0
0.53, 0
0.54, 0
0.55, 0
0.56, 0
0.57, 0
0.58, 0
0.59, 0
0.6, 0
0.61, 0
0.62, 0
0.63, 0
0.64, 0
0.65, 0
0.66, 0
0.67, 0
0.68, 0
0.69, 0
0.7, 0
0.71, 0
0.72, 0
0.73, 0
0.74, 0
0.75, 0
0.76, 0
0.77, 0
0.78, 0
0.79, 0
0.8, 0
0.81, 0
0.82, 0
0.83, 0
0.84, 0
0.85, 0
0.86, 0
0.87, 0
0.88, 0
0.89, 0
0.9, 0
0.91, 0
0.92, 0
0.93, 0
0.94, 0
0.95, 0
0.96, 0
0.97, 0
0.98, 0
0.99, 0
1, 0
1.01, 0
1.02, 0
1.03, 0
1.04, 0
1.05, 0
1.06, 0
1.07, 0
1.08, 0
1.09, 0
1.1, 0
1.11, 0
1.12, 0
1.13, 0
1.14, 0
1.15, 0
1.16, 0
1.17, 0
1.18, 0
1.19, 0
1.2, 0
1.21, 0
1.22, 0
1.23, 0
1.24, 0
1.25, 0
1.26, 0
1.27, 0
1.28, 0
1.29, 0
1.3, 0
1.31, 0
1.32, 0
1.33, 0
1.34, 0
1.35, 0
1.36, 0
1.37, 0
1.38, 0
1.39, 0
1.4, 0
1.41, 0
1.42, 0
1.43, 0
1.44, 0
1.45, 0
1.46, 0
1.47, 0
1.48, 0
1.49, 0
1.5, 0
1.51, 0
1.52, 0
1.53, 0
1.54, 0
1.55, 0
1.56, 0
1.57, 0
1.58, 0
1.59, 0
1.6, 0
1.61, 0
1.62, 0
1.63, 0
1.64, 0
1.65, 0
1.66, 0
1.67, 0
1.68, 0
1.69, 0
1.7, 0
1.71, 0
1.72, 0
1.73, 0
1.74, 0
1.75, 0
1.76, 0
1.77, 0
1.78, 0
1.79, 0
1.8, 0
1.81, 0
1.82, 0
1.83, 0
1.84, 0
1.85, 0
1.86, 0
1.87, 0
1.88, 0
1.89, 0
1.9, 0
1.91, 0
1.92, 0
1.93, 0
1.94, 0
1.95, 0
1.96, 0
1.97, 0
1.98, 0
1.99, 0
2, 0.60025010421
2.01, 1.20050020842
2.02, 1.80075031263
2.03, 2.40100041684
2.04, 3.00125052105
2.05, 3.60150062526
2.06, 4.20175072947
2.07, 4.80200083368
2.08, 5.40225093789
2.09, 6.0025010421
2.1, 6.60275114631
2.11, 7.20300125052
2.12, 7.80325135473
2.13, 8.40350145894
2.14, 9.00375156315
2.15, 9.60400166736
2.16, 10.2042517716
2.17, 10.8045018758
2.18, 11.40475198
2.19, 12.0050020842
2.2, 12.6052521884
2.21, 13.2055022926
2.22, 13.8057523968
2.23, 14.406002501
2.24, 15.0062526053
2.25, 15.6065027095
2.26, 16.2067528137
2.27, 16.8070029179
2.28, 17.4072530221
2.29, 18.0075031263
2.3, 18.6077532305
2.31, 19.2080033347
2.32, 19.8082534389
2.33, 20.4085035431
2.34, 21.0087536474
2.35, 21.6090037516
2.36, 22.2092538558
2.37, 22.80950396
2.38, 23.4097540642
2.39, 24.0100041684
2.4, 24.6102542726
2.41, 25.2105043768
2.42, 25.810754481
2.43, 26.4110045852
2.44, 27.0112546895
2.45, 27.6115047937
2.46, 28.2117548979
2.47, 28.8120050021
2.48, 29.4122551063
2.49, 30.0125052105
2.5, 30.6127553147
2.51, 31.2130054189
2.52, 31.8132555231
2.53, 32.4135056273
2.54, 33.0137557316
2.55, 33.6140058358
2.56, 34.21425594
2.57, 34.8145060442
2.58, 35.4147561484
2.59, 36.0150062526
2.6, 36.6152563568
2.61, 37.215506461
2.62, 37.8157565652
2.63, 38.4160066694
2.64, 39.0162567737
2.65, 39.6165068779
2.66, 40.2167569821
2.67, 40.8170070863
2.68, 41.4172571905
2.69, 42.0175072947
2.7, 42.6177573989
2.71, 43.2180075031
2.72, 43.8182576073
2.73, 44.4185077115
2.74, 45.0187578158
2.75, 45.61900792
2.76, 46.2192580242
2.77, 46.8195081284
2.78, 47.4197582326
2.79, 48.0200083368
2.8, 48.620258441
2.81, 49.2205085452
2.82, 49.8207586494
2.83, 50.4210087536
2.84, 51.0212588579
2.85, 51.6215089621
2.86, 52.2217590663
2.87, 52.8220091705
2.88, 53.4222592747
2.89, 54.0225093789
2.9, 54.6227594831
2.91, 55.2230095873
2.92, 55.8232596915
2.93, 56.4235097957
2.94, 57.0237599
2.95, 57.6240100042
2.96, 58.2242601084
2.97, 58.8245102126
2.98, 59.4247603168
2.99, 60.025010421
3, 60.6252605252
3.01, 61.2255106294
3.02, 61.8257607336
3.03, 62.4260108378
3.04, 63.0262609421
3.05, 63.6265110463
3.06, 64.2267611505
3.07, 64.8270112547
3.08, 65.4272613589
3.09, 66.0275114631
3.1, 66.6277615673
3.11, 67.2280116715
3.12, 67.8282617757
3.13, 68.4285118799
3.14, 69.0287619842
3.15, 69.6290120884
3.16, 70.2292621926
3.17, 70.8295122968
3.18, 71.429762401
3.19, 72.0300125052
3.2, 72.6302626094
3.21, 73.2305127136
3.22, 73.8307628178
3.23, 74.4310129221
3.24, 75.0312630263
3.25, 75.6315131305
3.26, 76.2317632347
3.27, 76.8320133389
3.28, 77.4322634431
3.29, 78.0325135473
3.3, 78.6327636515
3.31, 79.2330137557
3.32, 79.8332638599
3.33, 80.4335139642
3.34, 81.0337640684
3.35, 81.6340141726
3.36, 82.2342642768
3.37, 82.834514381
3.38, 83.4347644852
3.39, 84.0350145894
3.4, 84.6352646936
3.41, 85.2355147978
3.42, 85.835764902
3.43, 86.4360150063
3.44, 87.0362651105
3.45, 87.6365152147
3.46, 88.2367653189
3.47, 88.8370154231
3.48, 89.4372655273
3.49, 90.0375156315
3.5, 90.6377657357
3.51, 91.2380158399
3.52, 91.8382659441
3.53, 92.4385160484
3.54, 93.0387661526
3.55, 93.6390162568
3.56, 94.239266361
3.57, 94.8395164652
3.58, 95.4397665694
3.59, 96.0400166736
3.6, 96.6402667778
3.61, 97.240516882
3.62, 97.8407669862
3.63, 98.4410170905
3.64, 99.0412671947
3.65, 99.6415172989
3.66, 100.241767403
3.67, 100.842017507
3.68, 101.442267612
3.69, 102.042517716
3.7, 102.64276782
3.71, 103.243017924
3.72, 103.843268028
3.73, 104.443518133
3.74, 105.043768237
3.75, 105.644018341
3.76, 106.244268445
3.77, 106.844518549
3.78, 107.444768654
3.79, 108.045018758
3.8, 108.645268862
3.81, 109.245518966
3.82, 109.84576907
3.83, 110.446019175
3.84, 111.046269279
3.85, 111.646519383
3.86, 112.246769487
3.87, 112.847019591
3.88, 113.447269696
3.89, 114.0475198
3.9, 114.647769904
3.91, 115.248020008
3.92, 115.848270113
3.93, 116.448520217
3.94, 117.048770321
3.95, 117.649020425
3.96, 118.249270529
3.97, 118.849520634
3.98, 119.449770738
3.99, 120.050020842
4, 120.650270946
4.01, 121.25052105
4.02, 121.850771155
4.03, 122.451021259
4.04, 123.051271363
4.05, 123.651521467
4.06, 124.251771571
4.07, 124.852021676
4.08, 125.45227178
4.09, 126.052521884
4.1, 126.652771988
4.11, 127.253022093
4.12, 127.853272197
4.13, 128.453522301
4.14, 129.053772405
4.15, 129.654022509
4.16, 130.254272614
4.17, 130.854522718
4.18, 131.454772822
4.19, 132.055022926
4.2, 132.65527303
4.21, 133.255523135
4.22, 133.855773239
4.23, 134.456023343
4.24, 135.056273447
4.25, 135.656523551
4.26, 136.256773656
4.27, 136.85702376
4.28, 137.457273864
4.29, 138.057523968
4.3, 138.657774073
4.31, 139.258024177
4.32, 139.858274281
4.33, 140.458524385
4.34, 141.058774489
4.35, 141.659024594
4.36, 142.259274698
4.37, 142.859524802
4.38, 143.459774906
4.39, 144.06002501
4.4, 144.660275115
4.41, 145.260525219
4.42, 145.860775323
4.43, 146.461025427
4.44, 147.061275531
4.45, 147.661525636
4.46, 148.26177574
4.47, 148.862025844
4.48, 149.462275948
4.49, 150.062526053
4.5, 150.662776157
4.51, 151.263026261
4.52, 151.863276365
4.53, 152.463526469
4.54, 153.063776574
4.55, 153.664026678
4.56, 154.264276782
4.57, 154.864526886
4.58, 155.46477699
4.59, 156.065027095
4.6, 156.665277199
4.61, 157.265527303
4.62, 157.865777407
4.63, 158.466027511
4.64, 159.066277616
4.65, 159.66652772
4.66, 160.266777824
4.67, 160.867027928
4.68, 161.467278033
4.69, 162.067528137
4.7, 162.667778241
4.71, 163.268028345
4.72, 163.868278449
4.73, 164.468528554
4.74, 165.068778658
4.75, 165.669028762
4.76, 166.269278866
4.77, 166.86952897
4.78, 167.469779075
4.79, 168.070029179
4.8, 168.670279283
4.81, 169.270529387
4.82, 169.870779491
4.83, 170.471029596
4.84, 171.0712797
4.85, 171.671529804
4.86, 172.271779908
4.87, 172.872030013
4.88, 173.472280117
4.89, 174.072530221
4.9, 174.672780325
4.91, 175.273030429
4.92, 175.873280534
4.93, 176.473530638
4.94, 177.073780742
4.95, 177.674030846
4.96, 178.27428095
4.97, 178.874531055
4.98, 179.474781159
4.99, 180.075031263
5, 180.675281367
5.01, 181.275531471
5.02, 181.875781576
5.03, 182.47603168
5.04, 183.076281784
5.05, 183.676531888
5.06, 184.276781992
5.07, 184.877032097
5.08, 185.477282201
5.09, 186.077532305
5.1, 186.677782409
5.11, 187.278032514
5.12, 187.878282618
5.13, 188.478532722
5.14, 189.078782826
5.15, 189.67903293
5.16, 190.279283035
5.17, 190.879533139
5.18, 191.479783243
5.19, 192.080033347
5.2, 192.680283451
5.21, 193.280533556
5.22, 193.88078366
5.23, 194.481033764
5.24, 195.081283868
5.25, 195.681533972
5.26, 196.281784077
5.27, 196.882034181
5.28, 197.482284285
5.29, 198.082534389
5.3, 198.682784494
5.31, 199.283034598
5.32, 199.883284702
5.33, 200.483534806
5.34, 201.08378491
5.35, 201.684035015
5.36, 202.284285119
5.37, 202.884535223
5.38, 203.484785327
5.39, 204.085035431
5.4, 204.685285536
5.41, 205.28553564
5.42, 205.885785744
5.43, 206.486035848
5.44, 207.086285952
5.45, 207.686536057
5.46, 208.286786161
5.47, 208.887036265
5.48, 209.487286369
5.49, 210.087536474
5.5, 210.687786578
5.51, 211.288036682
5.52, 211.888286786
5.53, 212.48853689
5.54, 213.088786995
5.55, 213.689037099
5.56, 214.289287203
5.57, 214.889537307
5.58, 215.489787411
5.59, 216.090037516
5.6, 216.69028762
5.61, 217.290537724
5.62, 217.890787828
5.63, 218.491037932
5.64, 219.091288037
5.65, 219.691538141
5.66, 220.291788245
5.67, 220.892038349
5.68, 221.492288454
5.69, 222.092538558
5.7, 222.692788662
5.71, 223.293038766
5.72, 223.89328887
5.73, 224.493538975
5.74, 225.093789079
5.75, 225.694039183
5.76, 226.294289287
5.77, 226.894539391
5.78, 227.494789496
5.79, 228.0950396
5.8, 228.695289704
5.81, 229.295539808
5.82, 229.895789912
5.83, 230.496040017
5.84, 231.096290121
5.85, 231.696540225
5.86, 232.296790329
5.87, 232.897040434
5.88, 233.497290538
5.89, 234.097540642
5.9, 234.697790746
5.91, 235.29804085
5.92, 235.898290955
5.93, 236.498541059
5.94, 237.098791163
5.95, 237.699041267
5.96, 238.299291371
5.97, 238.899541476
5.98, 239.49979158
5.99, 240.100041684
6, 240.700291788
6.01, 241.300541892
6.02, 241.900791997
6.03, 242.501042101
6.04, 243.101292205
6.05, 243.701542309
6.06, 244.301792414
6.07, 244.902042518
6.08, 245.502292622
6.09, 246.102542726
6.1, 246.70279283
6.11, 247.303042935
6.12, 247.903293039
6.13, 248.503543143
6.14, 249.103793247
6.15, 249.704043351
6.16, 250.304293456
6.17, 250.90454356
6.18, 251.504793664
6.19, 252.105043768
6.2, 252.705293872
6.21, 253.305543977
6.22, 253.905794081
6.23, 254.506044185
6.24, 255.106294289
6.25, 255.706544393
6.26, 256.306794498
6.27, 256.907044602
6.28, 257.507294706
6.29, 258.10754481
6.3, 258.707794915
6.31, 259.308045019
6.32, 259.908295123
6.33, 260.508545227
6.34, 261.108795331
6.35, 261.709045436
6.36, 262.30929554
6.37, 262.909545644
6.38, 263.509795748
6.39, 264.110045852
6.4, 264.710295957
6.41, 265.310546061
6.42, 265.910796165
6.43, 266.511046269
6.44, 267.111296373
6.45, 267.711546478
6.46, 268.311796582
6.47, 268.912046686
6.48, 269.51229679
6.49, 270.112546895
6.5, 270.712796999
6.51, 271.313047103
6.52, 271.913297207
6.53, 272.513547311
6.54, 273.113797416
6.55, 273.71404752
6.56, 274.314297624
6.57, 274.914547728
6.58, 275.514797832
6.59, 276.115047937
6.6, 276.715298041
6.61, 277.315548145
6.62, 277.915798249
6.63, 278.516048353
6.64, 279.116298458
6.65, 279.716548562
6.66, 280.316798666
6.67, 280.91704877
6.68, 281.517298875
6.69, 282.117548979
6.7, 282.717799083
6.71, 283.318049187
6.72, 283.918299291
6.73, 284.518549396
6.74, 285.1187995
6.75, 285.719049604
6.76, 286.319299708
6.77, 286.919549812
6.78, 287.519799917
6.79, 288.120050021
6.8, 288.720300125
6.81, 289.320550229
6.82, 289.920800333
6.83, 290.521050438
6.84, 291.121300542
6.85, 291.721550646
6.86, 292.32180075
6.87, 292.922050855
6.88, 293.522300959
6.89, 294.122551063
6.9, 294.722801167
6.91, 295.323051271
6.92, 295.923301376
6.93, 296.52355148
6.94, 297.123801584
6.95, 297.724051688
6.96, 298.324301792
6.97, 298.924551897
6.98, 299.524802001
6.99, 300.125052105
7, 300.725302209
7.01, 301.325552313
7.02, 301.925802418
7.03, 302.526052522
7.04, 303.126302626
7.05, 303.72655273
7.06, 304.326802835
7.07, 304.927052939
7.08, 305.527303043
7.09, 306.127553147
7.1, 306.727803251
7.11, 307.328053356
7.12, 307.92830346
7.13, 308.528553564
7.14, 309.128803668
7.15, 309.729053772
7.16, 310.329303877
7.17, 310.929553981
7.18, 311.529804085
7.19, 312.130054189
7.2, 312.730304293
7.21, 313.330554398
7.22, 313.930804502
7.23, 314.531054606
7.24, 315.13130471
7.25, 315.731554815
7.26, 316.331804919
7.27, 316.932055023
7.28, 317.532305127
7.29, 318.132555231
7.3, 318.732805336
7.31, 319.33305544
7.32, 319.933305544
7.33, 320.533555648
7.34, 321.133805752
7.35, 321.734055857
7.36, 322.334305961
7.37, 322.934556065
7.38, 323.534806169
7.39, 324.135056273
7.4, 324.735306378
7.41, 325.335556482
7.42, 325.935806586
7.43, 326.53605669
7.44, 327.136306794
7.45, 327.736556899
7.46, 328.336807003
7.47, 328.937057107
7.48, 329.537307211
7.49, 330.137557316
7.5, 330.73780742
7.51, 331.338057524
7.52, 331.938307628
7.53, 332.538557732
7.54, 333.138807837
7.55, 333.739057941
7.56, 334.339308045
7.57, 334.939558149
7.58, 335.539808253
7.59, 336.140058358
7.6, 336.740308462
7.61, 337.340558566
7.62, 337.94080867
7.63, 338.541058774
7.64, 339.141308879
7.65, 339.741558983
7.66, 340.341809087
7.67, 340.942059191
7.68, 341.542309296
7.69, 342.1425594
7.7, 342.742809504
7.71, 343.343059608
7.72, 343.943309712
7.73, 344.543559817
7.74, 345.143809921
7.75, 345.744060025
7.76, 346.344310129
7.77, 346.944560233
7.78, 347.544810338
7.79, 348.145060442
7.8, 348.745310546
7.81, 349.34556065
7.82, 349.945810754
7.83, 350.546060859
7.84, 351.146310963
7.85, 351.746561067
7.86, 352.346811171
7.87, 352.947061276
7.88, 353.54731138
7.89, 354.147561484
7.9, 354.747811588
7.91, 355.348061692
7.92, 355.948311797
7.93, 356.548561901
7.94, 357.148812005
7.95, 357.749062109
7.96, 358.349312213
7.97, 358.949562318
7.98, 359.549812422
7.99, 360.150062526
8, 360.75031263
8.01, 361.350562734
8.02, 361.950812839
8.03, 362.551062943
8.04, 363.151313047
8.05, 363.751563151
8.06, 364.351813256
8.07, 364.95206336
8.08, 365.552313464
8.09, 366.152563568
8.1, 366.752813672
8.11, 367.353063777
8.12, 367.953313881
8.13, 368.553563985
8.14, 369.153814089
8.15, 369.754064193
8.16, 370.354314298
8.17, 370.954564402
8.18, 371.554814506
8.19, 372.15506461
8.2, 372.755314714
8.21, 373.355564819
8.22, 373.955814923
8.23, 374.556065027
8.24, 375.156315131
8.25, 375.756565236
8.26, 376.35681534
8.27, 376.957065444
8.28, 377.557315548
8.29, 378.157565652
8.3, 378.757815757
8.31, 379.358065861
8.32, 379.958315965
8.33, 380.558566069
8.34, 381.158816173
8.35, 381.759066278
8.36, 382.359316382
8.37, 382.959566486
8.38, 383.55981659
8.39, 384.160066694
8.4, 384.760316799
8.41, 385.360566903
8.42, 385.960817007
8.43, 386.561067111
8.44, 387.161317216
8.45, 387.76156732
8.46, 388.361817424
8.47, 388.962067528
8.48, 389.562317632
8.49, 390.162567737
8.5, 390.762817841
8.51, 391.363067945
8.52, 391.963318049
8.53, 392.563568153
8.54, 393.163818258
8.55, 393.764068362
8.56, 394.364318466
8.57, 394.96456857
8.58, 395.564818674
8.59, 396.165068779
8.6, 396.765318883
8.61, 397.365568987
8.62, 397.965819091
8.63, 398.566069195
8.64, 399.1663193
8.65, 399.766569404
8.66, 400.366819508
8.67, 400.967069612
8.68, 401.567319717
8.69, 402.167569821
8.7, 402.767819925
8.71, 403.368070029
8.72, 403.968320133
8.73, 404.568570238
8.74, 405.168820342
8.75, 405.769070446
8.76, 406.36932055
8.77, 406.969570654
8.78, 407.569820759
8.79, 408.170070863
8.8, 408.770320967
8.81, 409.370571071
8.82, 409.970821175
8.83, 410.57107128
8.84, 411.171321384
8.85, 411.771571488
8.86, 412.371821592
8.87, 412.972071697
8.88, 413.572321801
8.89, 414.172571905
8.9, 414.772822009
8.91, 415.373072113
8.92, 415.973322218
8.93, 416.573572322
8.94, 417.173822426
8.95, 417.77407253
8.96, 418.374322634
8.97, 418.974572739
8.98, 419.574822843
8.99, 420.175072947
9, 420.775323051
9.01, 421.375573155
9.02, 421.97582326
9.03, 422.576073364
9.04, 423.176323468
9.05, 423.776573572
9.06, 424.376823677
9.07, 424.977073781
9.08, 425.577323885
9.09, 426.177573989
9.1, 426.777824093
9.11, 427.378074198
9.12, 427.978324302
9.13, 428.578574406
9.14, 429.17882451
9.15, 429.779074614
9.16, 430.379324719
9.17, 430.979574823
9.18, 431.579824927
9.19, 432.180075031
9.2, 432.780325135
9.21, 433.38057524
9.22, 433.980825344
9.23, 434.581075448
9.24, 435.181325552
9.25, 435.781575657
9.26, 436.381825761
9.27, 436.982075865
9.28, 437.582325969
9.29, 438.182576073
9.3, 438.782826178
9.31, 439.383076282
9.32, 439.983326386
9.33, 440.58357649
9.34, 441.183826594
9.35, 441.784076699
9.36, 442.384326803
9.37, 442.984576907
9.38, 443.584827011
9.39, 444.185077115
9.4, 444.78532722
9.41, 445.385577324
9.42, 445.985827428
9.43, 446.586077532
9.44, 447.186327637
9.45, 447.786577741
9.46, 448.386827845
9.47, 448.987077949
9.48, 449.587328053
9.49, 450.187578158
9.5, 450.787828262
9.51, 451.388078366
9.52, 451.98832847
9.53, 452.588578574
9.54, 453.188828679
9.55, 453.789078783
9.56, 454.389328887
9.57, 454.989578991
9.58, 455.589829095
9.59, 456.1900792
9.6, 456.790329304
9.61, 457.390579408
9.62, 457.990829512
9.63, 458.591079617
9.64, 459.191329721
9.65, 459.791579825
9.66, 460.391829929
9.67, 460.992080033
9.68, 461.592330138
9.69, 462.192580242
9.7, 462.792830346
9.71, 463.39308045
9.72, 463.993330554
9.73, 464.593580659
9.74, 465.193830763
9.75, 465.794080867
9.76, 466.394330971
9.77, 466.994581075
9.78, 467.59483118
9.79, 468.195081284
9.8, 468.795331388
9.81, 469.395581492
9.82, 469.995831596
9.83, 470.596081701
9.84, 471.196331805
9.85, 471.796581909
9.86, 472.396832013
9.87, 472.997082118
9.88, 473.597332222
9.89, 474.197582326
9.9, 474.79783243
9.91, 475.398082534
9.92, 475.998332639
9.93, 476.598582743
9.94, 477.198832847
9.95, 477.799082951
9.96, 478.399333055
9.97, 478.99958316
9.98, 479.599833264
9.99, 480.200083368
10, 480.800333472
10.01, 481.400583576
10.02, 482.000833681
10.03, 482.601083785
10.04, 483.201333889
10.05, 483.801583993
10.06, 484.401834098
10.07, 485.002084202
10.08, 485.602334306
10.09, 486.20258441
10.1, 486.802834514
10.11, 487.403084619
10.12, 488.003334723
10.13, 488.603584827
10.14, 489.203834931
10.15, 489.804085035
10.16, 490.40433514
10.17, 491.004585244
10.18, 491.604835348
10.19, 492.205085452
10.2, 492.805335556
10.21, 493.405585661
10.22, 494.005835765
10.23, 494.606085869
10.24, 495.206335973
10.25, 495.806586078
10.26, 496.406836182
10.27, 497.007086286
10.28, 497.60733639
10.29, 498.207586494
10.3, 498.807836599
10.31, 499.408086703
10.32, 500.008336807
10.33, 500.608586911
10.34, 501.208837015
10.35, 501.80908712
10.36, 502.409337224
10.37, 503.009587328
10.38, 503.609837432
10.39, 504.210087536
10.4, 504.810337641
10.41, 505.410587745
10.42, 506.010837849
10.43, 506.611087953
10.44, 507.211338058
10.45, 507.811588162
10.46, 508.411838266
10.47, 509.01208837
10.48, 509.612338474
10.49, 510.212588579
10.5, 510.812838683
10.51, 511.413088787
10.52, 512.013338891
10.53, 512.613588995
10.54, 513.2138391
10.55, 513.814089204
10.56, 514.414339308
10.57, 515.014589412
10.58, 515.614839516
10.59, 516.215089621
10.6, 516.815339725
10.61, 517.415589829
10.62, 518.015839933
10.63, 518.616090038
10.64, 519.216340142
10.65, 519.816590246
10.66, 520.41684035
10.67, 521.017090454
10.68, 521.617340559
10.69, 522.217590663
10.7, 522.817840767
10.71, 523.418090871
10.72, 524.018340975
10.73, 524.61859108
10.74, 525.218841184
10.75, 525.819091288
10.76, 526.419341392
10.77, 527.019591496
10.78, 527.619841601
10.79, 528.220091705
10.8, 528.820341809
10.81, 529.420591913
10.82, 530.020842018
10.83, 530.621092122
10.84, 531.221342226
10.85, 531.82159233
10.86, 532.421842434
10.87, 533.022092539
10.88, 533.622342643
10.89, 534.222592747
10.9, 534.822842851
10.91, 535.423092955
10.92, 536.02334306
10.93, 536.623593164
10.94, 537.223843268
10.95, 537.824093372
10.96, 538.424343476
10.97, 539.024593581
10.98, 539.624843685
10.99, 540.225093789
11, 540.825343893
11.01, 541.425593997
11.02, 542.025844102
11.03, 542.626094206
11.04, 543.22634431
11.05, 543.826594414
11.06, 544.426844519
11.07, 545.027094623
11.08, 545.627344727
11.09, 546.227594831
11.1, 546.827844935
11.11, 547.42809504
11.12, 548.028345144
11.13, 548.628595248
11.14, 549.228845352
11.15, 549.829095456
11.16, 550.429345561
11.17, 551.029595665
11.18, 551.629845769
11.19, 552.230095873
11.2, 552.830345977
11.21, 553.430596082
11.22, 554.030846186
11.23, 554.63109629
11.24, 555.231346394
11.25, 555.831596499
11.26, 556.431846603
11.27, 557.032096707
11.28, 557.632346811
11.29, 558.232596915
11.3, 558.83284702
11.31, 559.433097124
11.32, 560.033347228
11.33, 560.633597332
11.34, 561.233847436
11.35, 561.834097541
11.36, 562.434347645
11.37, 563.034597749
11.38, 563.634847853
11.39, 564.235097957
11.4, 564.835348062
11.41, 565.435598166
11.42, 566.03584827
11.43, 566.636098374
11.44, 567.236348479
11.45, 567.836598583
11.46, 568.436848687
11.47, 569.037098791
11.48, 569.637348895
11.49, 570.237599
11.5, 570.837849104
11.51, 571.438099208
11.52, 572.038349312
11.53, 572.638599416
11.54, 573.238849521
11.55, 573.839099625
11.56, 574.439349729
11.57, 575.039599833
11.58, 575.639849937
11.59, 576.240100042
11.6, 576.840350146
11.61, 577.44060025
11.62, 578.040850354
11.63, 578.641100459
11.64, 579.241350563
11.65, 579.841600667
11.66, 580.441850771
11.67, 581.042100875
11.68, 581.64235098
11.69, 582.242601084
11.7, 582.842851188
11.71, 583.443101292
11.72, 584.043351396
11.73, 584.643601501
11.74, 585.243851605
11.75, 585.844101709
11.76, 586.444351813
11.77, 587.044601917
11.78, 587.644852022
11.79, 588.245102126
11.8, 588.84535223
11.81, 589.445602334
11.82, 590.045852439
11.83, 590.646102543
11.84, 591.246352647
11.85, 591.846602751
11.86, 592.446852855
11.87, 593.04710296
11.88, 593.647353064
11.89, 594.247603168
11.9, 594.847853272
11.91, 595.448103376
11.92, 596.048353481
11.93, 596.648603585
11.94, 597.248853689
11.95, 597.849103793
11.96, 598.449353897
11.97, 599.049604002
11.98, 599.649854106
11.99, 600.25010421
12, 600.850354314
12.01, 601.450604419
12.02, 602.050854523
12.03, 602.651104627
12.04, 603.251354731
12.05, 603.851604835
12.06, 604.45185494
12.07, 605.052105044
12.08, 605.652355148
12.09, 606.252605252
12.1, 606.852855356
12.11, 607.453105461
12.12, 608.053355565
12.13, 608.653605669
12.14, 609.253855773
12.15, 609.854105877
12.16, 610.454355982
12.17, 611.054606086
12.18, 611.65485619
12.19, 612.255106294
12.2, 612.855356398
12.21, 613.455606503
12.22, 614.055856607
12.23, 614.656106711
12.24, 615.256356815
12.25, 615.85660692
12.26, 616.456857024
12.27, 617.057107128
12.28, 617.657357232
12.29, 618.257607336
12.3, 618.857857441
12.31, 619.458107545
12.32, 620.058357649
12.33, 620.658607753
12.34, 621.258857857
12.35, 621.859107962
12.36, 622.459358066
12.37, 623.05960817
12.38, 623.659858274
12.39, 624.260108378
12.4, 624.860358483
12.41, 625.460608587
12.42, 626.060858691
12.43, 626.661108795
12.44, 627.2613589
12.45, 627.861609004
12.46, 628.461859108
12.47, 629.062109212
12.48, 629.662359316
12.49, 630.262609421
12.5, 630.862859525
12.51, 631.463109629
12.52, 632.063359733
12.53, 632.663609837
12.54, 633.263859942
12.55, 633.864110046
12.56, 634.46436015
12.57, 635.064610254
12.58, 635.664860358
12.59, 636.265110463
12.6, 636.865360567
12.61, 637.465610671
12.62, 638.065860775
12.63, 638.66611088
12.64, 639.266360984
12.65, 639.866611088
12.66, 640.466861192
12.67, 641.067111296
12.68, 641.667361401
12.69, 642.267611505
12.7, 642.867861609
12.71, 643.468111713
12.72, 644.068361817
12.73, 644.668611922
12.74, 645.268862026
12.75, 645.86911213
12.76, 646.469362234
12.77, 647.069612338
12.78, 647.669862443
12.79, 648.270112547
12.8, 648.870362651
12.81, 649.470612755
12.82, 650.07086286
12.83, 650.671112964
12.84, 651.271363068
12.85, 651.871613172
12.86, 652.471863276
12.87, 653.072113381
12.88, 653.672363485
12.89, 654.272613589
12.9, 654.872863693
12.91, 655.473113797
12.92, 656.073363902
12.93, 656.673614006
12.94, 657.27386411
12.95, 657.874114214
12.96, 658.474364318
12.97, 659.074614423
12.98, 659.674864527
12.99, 660.275114631
13, 660.875364735
13.01, 661.47561484
13.02, 662.075864944
13.03, 662.676115048
13.04, 663.276365152
13.05, 663.876615256
13.06, 664.476865361
13.07, 665.077115465
13.08, 665.677365569
13.09, 666.277615673
13.1, 666.877865777
13.11, 667.478115882
13.12, 668.078365986
13.13, 668.67861609
13.14, 669.278866194
13.15, 669.879116298
13.16, 670.479366403
13.17, 671.079616507
13.18, 671.679866611
13.19, 672.280116715
13.2, 672.88036682
13.21, 673.480616924
13.22, 674.080867028
13.23, 674.681117132
13.24, 675.281367236
13.25, 675.881617341
13.26, 676.481867445
13.27, 677.082117549
13.28, 677.682367653
13.29, 678.282617757
13.3, 678.882867862
13.31, 679.483117966
13.32, 680.08336807
13.33, 680.683618174
13.34, 681.283868278
13.35, 681.884118383
13.36, 682.484368487
13.37, 683.084618591
13.38, 683.684868695
13.39, 684.285118799
13.4, 684.885368904
13.41, 685.485619008
13.42, 686.085869112
13.43, 686.686119216
13.44, 687.286369321
13.45, 687.886619425
13.46, 688.486869529
13.47, 689.087119633
13.48, 689.687369737
13.49, 690.287619842
13.5, 690.887869946
13.51, 691.48812005
13.52, 692.088370154
13.53, 692.688620258
13.54, 693.288870363
13.55, 693.889120467
13.56, 694.489370571
13.57, 695.089620675
13.58, 695.689870779
13.59, 696.290120884
13.6, 696.890370988
13.61, 697.490621092
13.62, 698.090871196
13.63, 698.691121301
13.64, 699.291371405
13.65, 699.891621509
13.66, 700.491871613
13.67, 701.092121717
13.68, 701.692371822
13.69, 702.292621926
13.7, 702.89287203
13.71, 703.493122134
13.72, 704.093372238
13.73, 704.693622343
13.74, 705.293872447
13.75, 705.894122551
13.76, 706.494372655
13.77, 707.094622759
13.78, 707.694872864
13.79, 708.295122968
13.8, 708.895373072
13.81, 709.495623176
13.82, 710.095873281
13.83, 710.696123385
13.84, 711.296373489
13.85, 711.896623593
13.86, 712.496873697
13.87, 713.097123802
13.88, 713.697373906
13.89, 714.29762401
13.9, 714.897874114
13.91, 715.498124218
13.92, 716.098374323
13.93, 716.698624427
13.94, 717.298874531
13.95, 717.899124635
13.96, 718.499374739
13.97, 719.099624844
13.98, 719.699874948
13.99, 720.300125052
14, 720.900375156
14.01, 721.500625261
14.02, 722.100875365
14.03, 722.701125469
14.04, 723.301375573
14.05, 723.901625677
14.06, 724.501875782
14.07, 725.102125886
14.08, 725.70237599
14.09, 726.302626094
14.1, 726.902876198
14.11, 727.503126303
14.12, 728.103376407
14.13, 728.703626511
14.14, 729.303876615
14.15, 729.904126719
14.16, 730.504376824
14.17, 731.104626928
14.18, 731.704877032
14.19, 732.305127136
14.2, 732.905377241
14.21, 733.505627345
14.22, 734.105877449
14.23, 734.706127553
14.24, 735.306377657
14.25, 735.906627762
14.26, 736.506877866
14.27, 737.10712797
14.28, 737.707378074
14.29, 738.307628178
14.3, 738.907878283
14.31, 739.508128387
14.32, 740.108378491
14.33, 740.708628595
14.34, 741.308878699
14.35, 741.909128804
14.36, 742.509378908
14.37, 743.109629012
14.38, 743.709879116
14.39, 744.310129221
14.4, 744.910379325
14.41, 745.510629429
14.42, 746.110879533
14.43, 746.711129637
14.44, 747.311379742
14.45, 747.911629846
14.46, 748.51187995
14.47, 749.112130054
14.48, 749.712380158
14.49, 750.312630263
14.5, 750.912880367
14.51, 751.513130471
14.52, 752.113380575
14.53, 752.713630679
14.54, 753.313880784
14.55, 753.914130888
14.56, 754.514380992
14.57, 755.114631096
14.58, 755.714881201
14.59, 756.315131305
14.6, 756.915381409
14.61, 757.515631513
14.62, 758.115881617
14.63, 758.716131722
14.64, 759.316381826
14.65, 759.91663193
14.66, 760.516882034
14.67, 761.117132138
14.68, 761.717382243
14.69, 762.317632347
14.7, 762.917882451
14.71, 763.518132555
14.72, 764.118382659
14.73, 764.718632764
14.74, 765.318882868
14.75, 765.919132972
14.76, 766.519383076
14.77, 767.11963318
14.78, 767.719883285
14.79, 768.320133389
14.8, 768.920383493
14.81, 769.520633597
14.82, 770.120883702
14.83, 770.721133806
14.84, 771.32138391
14.85, 771.921634014
14.86, 772.521884118
14.87, 773.122134223
14.88, 773.722384327
14.89, 774.322634431
14.9, 774.922884535
14.91, 775.523134639
14.92, 776.123384744
14.93, 776.723634848
14.94, 777.323884952
14.95, 777.924135056
14.96, 778.52438516
14.97, 779.124635265
14.98, 779.724885369
14.99, 780.325135473
15, 780.925385577
15.01, 781.525635682
15.02, 782.125885786
15.03, 782.72613589
15.04, 783.326385994
15.05, 783.926636098
15.06, 784.526886203
15.07, 785.127136307
15.08, 785.727386411
15.09, 786.327636515
15.1, 786.927886619
15.11, 787.528136724
15.12, 788.128386828
15.13, 788.728636932
15.14, 789.328887036
15.15, 789.92913714
15.16, 790.529387245
15.17, 791.129637349
15.18, 791.729887453
15.19, 792.330137557
15.2, 792.930387662
15.21, 793.530637766
15.22, 794.13088787
15.23, 794.731137974
15.24, 795.331388078
15.25, 795.931638183
15.26, 796.531888287
15.27, 797.132138391
15.28, 797.732388495
15.29, 798.332638599
15.3, 798.932888704
15.31, 799.533138808
15.32, 800.133388912
15.33, 800.733639016
15.34, 801.33388912
15.35, 801.934139225
15.36, 802.534389329
15.37, 803.134639433
15.38, 803.734889537
15.39, 804.335139642
15.4, 804.935389746
15.41, 805.53563985
15.42, 806.135889954
15.43, 806.736140058
15.44, 807.336390163
15.45, 807.936640267
15.46, 808.536890371
15.47, 809.137140475
15.48, 809.737390579
15.49, 810.337640684
15.5, 810.937890788
15.51, 811.538140892
15.52, 812.138390996
15.53, 812.7386411
15.54, 813.338891205
15.55, 813.939141309
15.56, 814.539391413
15.57, 815.139641517
15.58, 815.739891622
15.59, 816.340141726
15.6, 816.94039183
15.61, 817.540641934
15.62, 818.140892038
15.63, 818.741142143
15.64, 819.341392247
15.65, 819.941642351
15.66, 820.541892455
15.67, 821.142142559
15.68, 821.742392664
15.69, 822.342642768
15.7, 822.942892872
15.71, 823.543142976
15.72, 824.14339308
15.73, 824.743643185
15.74, 825.343893289
15.75, 825.944143393
15.76, 826.544393497
15.77, 827.144643602
15.78, 827.744893706
15.79, 828.34514381
15.8, 828.945393914
15.81, 829.545644018
15.82, 830.145894123
15.83, 830.746144227
15.84, 831.346394331
15.85, 831.946644435
15.86, 832.546894539
15.87, 833.147144644
15.88, 833.747394748
15.89, 834.347644852
15.9, 834.947894956
15.91, 835.54814506
15.92, 836.148395165
15.93, 836.748645269
15.94, 837.348895373
15.95, 837.949145477
15.96, 838.549395581
15.97, 839.149645686
15.98, 839.74989579
15.99, 840.350145894
16, 840.950395998
16.01, 841.550646103
16.02, 842.150896207
16.03, 842.751146311
16.04, 843.351396415
16.05, 843.951646519
16.06, 844.551896624
16.07, 845.152146728
16.08, 845.752396832
16.09, 846.352646936
16.1, 846.95289704
16.11, 847.553147145
16.12, 848.153397249
16.13, 848.753647353
16.14, 849.353897457
16.15, 849.954147561
16.16, 850.554397666
16.17, 851.15464777
16.18, 851.754897874
16.19, 852.355147978
16.2, 852.955398083
16.21, 853.555648187
16.22, 854.155898291
16.23, 854.756148395
16.24, 855.356398499
16.25, 855.956648604
16.26, 856.556898708
16.27, 857.157148812
16.28, 857.757398916
16.29, 858.35764902
16.3, 858.957899125
16.31, 859.558149229
16.32, 860.158399333
16.33, 860.758649437
16.34, 861.358899541
16.35, 861.959149646
16.36, 862.55939975
16.37, 863.159649854
16.38, 863.759899958
16.39, 864.360150063
16.4, 864.960400167
16.41, 865.560650271
16.42, 866.160900375
16.43, 866.761150479
16.44, 867.361400584
16.45, 867.961650688
16.46, 868.561900792
16.47, 869.162150896
16.48, 869.762401
16.49, 870.362651105
16.5, 870.962901209
16.51, 871.563151313
16.52, 872.163401417
16.53, 872.763651521
16.54, 873.363901626
16.55, 873.96415173
16.56, 874.564401834
16.57, 875.164651938
16.58, 875.764902043
16.59, 876.365152147
16.6, 876.965402251
16.61, 877.565652355
16.62, 878.165902459
16.63, 878.766152564
16.64, 879.366402668
16.65, 879.966652772
16.66, 880.566902876
16.67, 881.16715298
16.68, 881.767403085
16.69, 882.367653189
16.7, 882.967903293
16.71, 883.568153397
16.72, 884.168403501
16.73, 884.768653606
16.74, 885.36890371
16.75, 885.969153814
16.76, 886.569403918
16.77, 887.169654023
16.78, 887.769904127
16.79, 888.370154231
16.8, 888.970404335
16.81, 889.570654439
16.82, 890.170904544
16.83, 890.771154648
16.84, 891.371404752
16.85, 891.971654856
16.86, 892.57190496
16.87, 893.172155065
16.88, 893.772405169
16.89, 894.372655273
16.9, 894.972905377
16.91, 895.573155481
16.92, 896.173405586
16.93, 896.77365569
16.94, 897.373905794
16.95, 897.974155898
16.96, 898.574406003
16.97, 899.174656107
16.98, 899.774906211
16.99, 900.375156315
17, 900.975406419
17.01, 901.575656524
17.02, 902.175906628
17.03, 902.776156732
17.04, 903.376406836
17.05, 903.97665694
17.06, 904.576907045
17.07, 905.177157149
17.08, 905.777407253
17.09, 906.377657357
17.1, 906.977907461
17.11, 907.578157566
17.12, 908.17840767
17.13, 908.778657774
17.14, 909.378907878
17.15, 909.979157982
17.16, 910.579408087
17.17, 911.179658191
17.18, 911.779908295
17.19, 912.380158399
17.2, 912.980408504
17.21, 913.580658608
17.22, 914.180908712
17.23, 914.781158816
17.24, 915.38140892
17.25, 915.981659025
17.26, 916.581909129
17.27, 917.182159233
17.28, 917.782409337
17.29, 918.382659441
17.3, 918.982909546
17.31, 919.58315965
17.32, 920.183409754
17.33, 920.783659858
17.34, 921.383909962
17.35, 921.984160067
17.36, 922.584410171
17.37, 923.184660275
17.38, 923.784910379
17.39, 924.385160484
17.4, 924.985410588
17.41, 925.585660692
17.42, 926.185910796
17.43, 926.7861609
17.44, 927.386411005
17.45, 927.986661109
17.46, 928.586911213
17.47, 929.187161317
17.48, 929.787411421
17.49, 930.387661526
17.5, 930.98791163
17.51, 931.588161734
17.52, 932.188411838
17.53, 932.788661942
17.54, 933.388912047
17.55, 933.989162151
17.56, 934.589412255
17.57, 935.189662359
17.58, 935.789912464
17.59, 936.390162568
17.6, 936.990412672
17.61, 937.590662776
17.62, 938.19091288
17.63, 938.791162985
17.64, 939.391413089
17.65, 939.991663193
17.66, 940.591913297
17.67, 941.192163401
17.68, 941.792413506
17.69, 942.39266361
17.7, 942.992913714
17.71, 943.593163818
17.72, 944.193413922
17.73, 944.793664027
17.74, 945.393914131
17.75, 945.994164235
17.76, 946.594414339
17.77, 947.194664444
17.78, 947.794914548
17.79, 948.395164652
17.8, 948.995414756
17.81, 949.59566486
17.82, 950.195914965
17.83, 950.796165069
17.84, 951.396415173
17.85, 951.996665277
17.86, 952.596915381
17.87, 953.197165486
17.88, 953.79741559
17.89, 954.397665694
17.9, 954.997915798
17.91, 955.598165902
17.92, 956.198416007
17.93, 956.798666111
17.94, 957.398916215
17.95, 957.999166319
17.96, 958.599416424
17.97, 959.199666528
17.98, 959.799916632
17.99, 960.400166736
18, 961.00041684
18.01, 961.600666945
18.02, 962.200917049
18.03, 962.801167153
18.04, 963.401417257
18.05, 964.001667361
18.06, 964.601917466
18.07, 965.20216757
18.08, 965.802417674
18.09, 966.402667778
18.1, 967.002917882
18.11, 967.603167987
18.12, 968.203418091
18.13, 968.803668195
18.14, 969.403918299
18.15, 970.004168404
18.16, 970.604418508
18.17, 971.204668612
18.18, 971.804918716
18.19, 972.40516882
18.2, 973.005418925
18.21, 973.605669029
18.22, 974.205919133
18.23, 974.806169237
18.24, 975.406419341
18.25, 976.006669446
18.26, 976.60691955
18.27, 977.207169654
18.28, 977.807419758
18.29, 978.407669862
18.3, 979.007919967
18.31, 979.608170071
18.32, 980.208420175
18.33, 980.808670279
18.34, 981.408920383
18.35, 982.009170488
18.36, 982.609420592
18.37, 983.209670696
18.38, 983.8099208
18.39, 984.410170905
18.4, 985.010421009
18.41, 985.610671113
18.42, 986.210921217
18.43, 986.811171321
18.44, 987.411421426
18.45, 988.01167153
18.46, 988.611921634
18.47, 989.212171738
18.48, 989.812421842
18.49, 990.412671947
18.5, 991.012922051
18.51, 991.613172155
18.52, 992.213422259
18.53, 992.813672363
18.54, 993.413922468
18.55, 994.014172572
18.56, 994.614422676
18.57, 995.21467278
18.58, 995.814922885
18.59, 996.415172989
18.6, 997.015423093
18.61, 997.615673197
18.62, 998.215923301
18.63, 998.816173406
18.64, 999.41642351
18.65, 1000.01667361
18.66, 1000.61692372
18.67, 1001.21717382
18.68, 1001.81742393
18.69, 1002.41767403
18.7, 1003.01792414
18.71, 1003.61817424
18.72, 1004.21842434
18.73, 1004.81867445
18.74, 1005.41892455
18.75, 1006.01917466
18.76, 1006.61942476
18.77, 1007.21967486
18.78, 1007.81992497
18.79, 1008.42017507
18.8, 1009.02042518
18.81, 1009.62067528
18.82, 1010.22092539
18.83, 1010.82117549
18.84, 1011.42142559
18.85, 1012.0216757
18.86, 1012.6219258
18.87, 1013.22217591
18.88, 1013.82242601
18.89, 1014.42267612
18.9, 1015.02292622
18.91, 1015.62317632
18.92, 1016.22342643
18.93, 1016.82367653
18.94, 1017.42392664
18.95, 1018.02417674
18.96, 1018.62442684
18.97, 1019.22467695
18.98, 1019.82492705
18.99, 1020.42517716
19, 1021.02542726
19.01, 1021.62567737
19.02, 1022.22592747
19.03, 1022.82617757
19.04, 1023.42642768
19.05, 1024.02667778
19.06, 1024.62692789
19.07, 1025.22717799
19.08, 1025.8274281
19.09, 1026.4276782
19.1, 1027.0279283
19.11, 1027.62817841
19.12, 1028.22842851
19.13, 1028.82867862
19.14, 1029.42892872
19.15, 1030.02917882
19.16, 1030.62942893
19.17, 1031.22967903
19.18, 1031.82992914
19.19, 1032.43017924
19.2, 1033.03042935
19.21, 1033.63067945
19.22, 1034.23092955
19.23, 1034.83117966
19.24, 1035.43142976
19.25, 1036.03167987
19.26, 1036.63192997
19.27, 1037.23218008
19.28, 1037.83243018
19.29, 1038.43268028
19.3, 1039.03293039
19.31, 1039.63318049
19.32, 1040.2334306
19.33, 1040.8336807
19.34, 1041.4339308
19.35, 1042.03418091
19.36, 1042.63443101
19.37, 1043.23468112
19.38, 1043.83493122
19.39, 1044.43518133
19.4, 1045.03543143
19.41, 1045.63568153
19.42, 1046.23593164
19.43, 1046.83618174
19.44, 1047.43643185
19.45, 1048.03668195
19.46, 1048.63693206
19.47, 1049.23718216
19.48, 1049.83743226
19.49, 1050.43768237
19.5, 1051.03793247
19.51, 1051.63818258
19.52, 1052.23843268
19.53, 1052.83868278
19.54, 1053.43893289
19.55, 1054.03918299
19.56, 1054.6394331
19.57, 1055.2396832
19.58, 1055.83993331
19.59, 1056.44018341
19.6, 1057.04043351
19.61, 1057.64068362
19.62, 1058.24093372
19.63, 1058.84118383
19.64, 1059.44143393
19.65, 1060.04168404
19.66, 1060.64193414
19.67, 1061.24218424
19.68, 1061.84243435
19.69, 1062.44268445
19.7, 1063.04293456
19.71, 1063.64318466
19.72, 1064.24343476
19.73, 1064.84368487
19.74, 1065.44393497
19.75, 1066.04418508
19.76, 1066.64443518
19.77, 1067.24468529
19.78, 1067.84493539
19.79, 1068.44518549
19.8, 1069.0454356
19.81, 1069.6456857
19.82, 1070.24593581
19.83, 1070.84618591
19.84, 1071.44643602
19.85, 1072.04668612
19.86, 1072.64693622
19.87, 1073.24718633
19.88, 1073.84743643
19.89, 1074.44768654
19.9, 1075.04793664
19.91, 1075.64818674
19.92, 1076.24843685
19.93, 1076.84868695
19.94, 1077.44893706
19.95, 1078.04918716
19.96, 1078.64943727
19.97, 1079.24968737
19.98, 1079.84993747
19.99, 1080.45018758
20, 1081.05043768
20.01, 1081.65068779
20.02, 1082.25093789
20.03, 1082.85118799
20.04, 1083.4514381
20.05, 1084.0516882
20.06, 1084.65193831
20.07, 1085.25218841
20.08, 1085.85243852
20.09, 1086.45268862
20.1, 1087.05293872
20.11, 1087.65318883
20.12, 1088.25343893
20.13, 1088.85368904
20.14, 1089.45393914
20.15, 1090.05418925
20.16, 1090.65443935
20.17, 1091.25468945
20.18, 1091.85493956
20.19, 1092.45518966
20.2, 1093.05543977
20.21, 1093.65568987
20.22, 1094.25593997
20.23, 1094.85619008
20.24, 1095.45644018
20.25, 1096.05669029
20.26, 1096.65694039
20.27, 1097.2571905
20.28, 1097.8574406
20.29, 1098.4576907
20.3, 1099.05794081
20.31, 1099.65819091
20.32, 1100.25844102
20.33, 1100.85869112
20.34, 1101.45894123
20.35, 1102.05919133
20.36, 1102.65944143
20.37, 1103.25969154
20.38, 1103.85994164
20.39, 1104.46019175
20.4, 1105.06044185
20.41, 1105.66069195
20.42, 1106.26094206
20.43, 1106.86119216
20.44, 1107.46144227
20.45, 1108.06169237
20.46, 1108.66194248
20.47, 1109.26219258
20.48, 1109.86244268
20.49, 1110.46269279
20.5, 1111.06294289
20.51, 1111.663193
20.52, 1112.2634431
20.53, 1112.86369321
20.54, 1113.46394331
20.55, 1114.06419341
20.56, 1114.66444352
20.57, 1115.26469362
20.58, 1115.86494373
20.59, 1116.46519383
20.6, 1117.06544393
20.61, 1117.66569404
20.62, 1118.26594414
20.63, 1118.86619425
20.64, 1119.46644435
20.65, 1120.06669446
20.66, 1120.66694456
20.67, 1121.26719466
20.68, 1121.86744477
20.69, 1122.46769487
20.7, 1123.06794498
20.71, 1123.66819508
20.72, 1124.26844519
20.73, 1124.86869529
20.74, 1125.46894539
20.75, 1126.0691955
20.76, 1126.6694456
20.77, 1127.26969571
20.78, 1127.86994581
20.79, 1128.47019591
20.8, 1129.07044602
20.81, 1129.67069612
20.82, 1130.27094623
20.83, 1130.87119633
20.84, 1131.47144644
20.85, 1132.07169654
20.86, 1132.67194664
20.87, 1133.27219675
20.88, 1133.87244685
20.89, 1134.47269696
20.9, 1135.07294706
20.91, 1135.67319717
20.92, 1136.27344727
20.93, 1136.87369737
20.94, 1137.47394748
20.95, 1138.07419758
20.96, 1138.67444769
20.97, 1139.27469779
20.98, 1139.87494789
20.99, 1140.475198
21, 1141.0754481
21.01, 1141.67569821
21.02, 1142.27594831
21.03, 1142.87619842
21.04, 1143.47644852
21.05, 1144.07669862
21.06, 1144.67694873
21.07, 1145.27719883
21.08, 1145.87744894
21.09, 1146.47769904
21.1, 1147.07794915
21.11, 1147.67819925
21.12, 1148.27844935
21.13, 1148.87869946
21.14, 1149.47894956
21.15, 1150.07919967
21.16, 1150.67944977
21.17, 1151.27969987
21.18, 1151.87994998
21.19, 1152.48020008
21.2, 1153.08045019
21.21, 1153.68070029
21.22, 1154.2809504
21.23, 1154.8812005
21.24, 1155.4814506
21.25, 1156.08170071
21.26, 1156.68195081
21.27, 1157.28220092
21.28, 1157.88245102
21.29, 1158.48270113
21.3, 1159.08295123
21.31, 1159.68320133
21.32, 1160.28345144
21.33, 1160.88370154
21.34, 1161.48395165
21.35, 1162.08420175
21.36, 1162.68445185
21.37, 1163.28470196
21.38, 1163.88495206
21.39, 1164.48520217
21.4, 1165.08545227
21.41, 1165.68570238
21.42, 1166.28595248
21.43, 1166.88620258
21.44, 1167.48645269
21.45, 1168.08670279
21.46, 1168.6869529
21.47, 1169.287203
21.48, 1169.88745311
21.49, 1170.48770321
21.5, 1171.08795331
21.51, 1171.68820342
21.52, 1172.28845352
21.53, 1172.88870363
21.54, 1173.48895373
21.55, 1174.08920383
21.56, 1174.68945394
21.57, 1175.28970404
21.58, 1175.88995415
21.59, 1176.49020425
21.6, 1177.09045436
21.61, 1177.69070446
21.62, 1178.29095456
21.63, 1178.89120467
21.64, 1179.49145477
21.65, 1180.09170488
21.66, 1180.69195498
21.67, 1181.29220509
21.68, 1181.89245519
21.69, 1182.49270529
21.7, 1183.0929554
21.71, 1183.6932055
21.72, 1184.29345561
21.73, 1184.89370571
21.74, 1185.49395581
21.75, 1186.09420592
21.76, 1186.69445602
21.77, 1187.29470613
21.78, 1187.89495623
21.79, 1188.49520634
21.8, 1189.09545644
21.81, 1189.69570654
21.82, 1190.29595665
21.83, 1190.89620675
21.84, 1191.49645686
21.85, 1192.09670696
21.86, 1192.69695707
21.87, 1193.29720717
21.88, 1193.89745727
21.89, 1194.49770738
21.9, 1195.09795748
21.91, 1195.69820759
21.92, 1196.29845769
21.93, 1196.89870779
21.94, 1197.4989579
21.95, 1198.099208
21.96, 1198.69945811
21.97, 1199.29970821
21.98, 1199.89995832
21.99, 1200.50020842
22, 1201.10045852
22.01, 1201.70070863
22.02, 1202.30095873
22.03, 1202.90120884
22.04, 1203.50145894
22.05, 1204.10170905
22.06, 1204.70195915
22.07, 1205.30220925
22.08, 1205.90245936
22.09, 1206.50270946
22.1, 1207.10295957
22.11, 1207.70320967
22.12, 1208.30345977
22.13, 1208.90370988
22.14, 1209.50395998
22.15, 1210.10421009
22.16, 1210.70446019
22.17, 1211.3047103
22.18, 1211.9049604
22.19, 1212.5052105
22.2, 1213.10546061
22.21, 1213.70571071
22.22, 1214.30596082
22.23, 1214.90621092
22.24, 1215.50646103
22.25, 1216.10671113
22.26, 1216.70696123
22.27, 1217.30721134
22.28, 1217.90746144
22.29, 1218.50771155
22.3, 1219.10796165
22.31, 1219.70821175
22.32, 1220.30846186
22.33, 1220.90871196
22.34, 1221.50896207
22.35, 1222.10921217
22.36, 1222.70946228
22.37, 1223.30971238
22.38, 1223.90996248
22.39, 1224.51021259
22.4, 1225.11046269
22.41, 1225.7107128
22.42, 1226.3109629
22.43, 1226.91121301
22.44, 1227.51146311
22.45, 1228.11171321
22.46, 1228.71196332
22.47, 1229.31221342
22.48, 1229.91246353
22.49, 1230.51271363
22.5, 1231.11296373
22.51, 1231.71321384
22.52, 1232.31346394
22.53, 1232.91371405
22.54, 1233.51396415
22.55, 1234.11421426
22.56, 1234.71446436
22.57, 1235.31471446
22.58, 1235.91496457
22.59, 1236.51521467
22.6, 1237.11546478
22.61, 1237.71571488
22.62, 1238.31596499
22.63, 1238.91621509
22.64, 1239.51646519
22.65, 1240.1167153
22.66, 1240.7169654
22.67, 1241.31721551
22.68, 1241.91746561
22.69, 1242.51771571
22.7, 1243.11796582
22.71, 1243.71821592
22.72, 1244.31846603
22.73, 1244.91871613
22.74, 1245.51896624
22.75, 1246.11921634
22.76, 1246.71946644
22.77, 1247.31971655
22.78, 1247.91996665
22.79, 1248.52021676
22.8, 1249.12046686
22.81, 1249.72071697
22.82, 1250.32096707
22.83, 1250.92121717
22.84, 1251.52146728
22.85, 1252.12171738
22.86, 1252.72196749
22.87, 1253.32221759
22.88, 1253.92246769
22.89, 1254.5227178
22.9, 1255.1229679
22.91, 1255.72321801
22.92, 1256.32346811
22.93, 1256.92371822
22.94, 1257.52396832
22.95, 1258.12421842
22.96, 1258.72446853
22.97, 1259.32471863
22.98, 1259.92496874
22.99, 1260.52521884
23, 1261.12546895
23.01, 1261.72571905
23.02, 1262.32596915
23.03, 1262.92621926
23.04, 1263.52646936
23.05, 1264.12671947
23.06, 1264.72696957
23.07, 1265.32721967
23.08, 1265.92746978
23.09, 1266.52771988
23.1, 1267.12796999
23.11, 1267.72822009
23.12, 1268.3284702
23.13, 1268.9287203
23.14, 1269.5289704
23.15, 1270.12922051
23.16, 1270.72947061
23.17, 1271.32972072
23.18, 1271.92997082
23.19, 1272.53022093
23.2, 1273.13047103
23.21, 1273.73072113
23.22, 1274.33097124
23.23, 1274.93122134
23.24, 1275.53147145
23.25, 1276.13172155
23.26, 1276.73197165
23.27, 1277.33222176
23.28, 1277.93247186
23.29, 1278.53272197
23.3, 1279.13297207
23.31, 1279.73322218
23.32, 1280.33347228
23.33, 1280.93372238
23.34, 1281.53397249
23.35, 1282.13422259
23.36, 1282.7344727
23.37, 1283.3347228
23.38, 1283.93497291
23.39, 1284.53522301
23.4, 1285.13547311
23.41, 1285.73572322
23.42, 1286.33597332
23.43, 1286.93622343
23.44, 1287.53647353
23.45, 1288.13672363
23.46, 1288.73697374
23.47, 1289.33722384
23.48, 1289.93747395
23.49, 1290.53772405
23.5, 1291.13797416
23.51, 1291.73822426
23.52, 1292.33847436
23.53, 1292.93872447
23.54, 1293.53897457
23.55, 1294.13922468
23.56, 1294.73947478
23.57, 1295.33972489
23.58, 1295.93997499
23.59, 1296.54022509
23.6, 1297.1404752
23.61, 1297.7407253
23.62, 1298.34097541
23.63, 1298.94122551
23.64, 1299.54147561
23.65, 1300.14172572
23.66, 1300.74197582
23.67, 1301.34222593
23.68, 1301.94247603
23.69, 1302.54272614
23.7, 1303.14297624
23.71, 1303.74322634
23.72, 1304.34347645
23.73, 1304.94372655
23.74, 1305.54397666
23.75, 1306.14422676
23.76, 1306.74447687
23.77, 1307.34472697
23.78, 1307.94497707
23.79, 1308.54522718
23.8, 1309.14547728
23.81, 1309.74572739
23.82, 1310.34597749
23.83, 1310.94622759
23.84, 1311.5464777
23.85, 1312.1467278
23.86, 1312.74697791
23.87, 1313.34722801
23.88, 1313.94747812
23.89, 1314.54772822
23.9, 1315.14797832
23.91, 1315.74822843
23.92, 1316.34847853
23.93, 1316.94872864
23.94, 1317.54897874
23.95, 1318.14922885
23.96, 1318.74947895
23.97, 1319.34972905
23.98, 1319.94997916
23.99, 1320.55022926
24, 1321.15047937
24.01, 1321.75072947
24.02, 1322.35097957
24.03, 1322.95122968
24.04, 1323.55147978
24.05, 1324.15172989
24.06, 1324.75197999
24.07, 1325.3522301
24.08, 1325.9524802
24.09, 1326.5527303
24.1, 1327.15298041
24.11, 1327.75323051
24.12, 1328.35348062
24.13, 1328.95373072
24.14, 1329.55398083
24.15, 1330.15423093
24.16, 1330.75448103
24.17, 1331.35473114
24.18, 1331.95498124
24.19, 1332.55523135
24.2, 1333.15548145
24.21, 1333.75573155
24.22, 1334.35598166
24.23, 1334.95623176
24.24, 1335.55648187
24.25, 1336.15673197
24.26, 1336.75698208
24.27, 1337.35723218
24.28, 1337.95748228
24.29, 1338.55773239
24.3, 1339.15798249
24.31, 1339.7582326
24.32, 1340.3584827
24.33, 1340.95873281
24.34, 1341.55898291
24.35, 1342.15923301
24.36, 1342.75948312
24.37, 1343.35973322
24.38, 1343.95998333
24.39, 1344.56023343
24.4, 1345.16048353
24.41, 1345.76073364
24.42, 1346.36098374
24.43, 1346.96123385
24.44, 1347.56148395
24.45, 1348.16173406
24.46, 1348.76198416
24.47, 1349.36223426
24.48, 1349.96248437
24.49, 1350.56273447
24.5, 1351.16298458
24.51, 1351.76323468
24.52, 1352.36348479
24.53, 1352.96373489
24.54, 1353.56398499
24.55, 1354.1642351
24.56, 1354.7644852
24.57, 1355.36473531
24.58, 1355.96498541
24.59, 1356.56523551
24.6, 1357.16548562
24.61, 1357.76573572
24.62, 1358.36598583
24.63, 1358.96623593
24.64, 1359.56648604
24.65, 1360.16673614
24.66, 1360.76698624
24.67, 1361.36723635
24.68, 1361.96748645
24.69, 1362.56773656
24.7, 1363.16798666
24.71, 1363.76823677
24.72, 1364.36848687
24.73, 1364.96873697
24.74, 1365.56898708
24.75, 1366.16923718
24.76, 1366.76948729
24.77, 1367.36973739
24.78, 1367.96998749
24.79, 1368.5702376
24.8, 1369.1704877
24.81, 1369.77073781
24.82, 1370.37098791
24.83, 1370.97123802
24.84, 1371.57148812
24.85, 1372.17173822
24.86, 1372.77198833
24.87, 1373.37223843
24.88, 1373.97248854
24.89, 1374.57273864
24.9, 1375.17298875
24.91, 1375.77323885
24.92, 1376.37348895
24.93, 1376.97373906
24.94, 1377.57398916
24.95, 1378.17423927
24.96, 1378.77448937
24.97, 1379.37473947
24.98, 1379.97498958
24.99, 1380.57523968
25, 1381.17548979
25.01, 1381.77573989
25.02, 1382.37599
25.03, 1382.9762401
25.04, 1383.5764902
25.05, 1384.17674031
25.06, 1384.77699041
25.07, 1385.37724052
25.08, 1385.97749062
25.09, 1386.57774073
25.1, 1387.17799083
25.11, 1387.77824093
25.12, 1388.37849104
25.13, 1388.97874114
25.14, 1389.57899125
25.15, 1390.17924135
25.16, 1390.77949145
25.17, 1391.37974156
25.18, 1391.97999166
25.19, 1392.58024177
25.2, 1393.18049187
25.21, 1393.78074198
25.22, 1394.38099208
25.23, 1394.98124218
25.24, 1395.58149229
25.25, 1396.18174239
25.26, 1396.7819925
25.27, 1397.3822426
25.28, 1397.98249271
25.29, 1398.58274281
25.3, 1399.18299291
25.31, 1399.78324302
25.32, 1400.38349312
25.33, 1400.98374323
25.34, 1401.58399333
25.35, 1402.18424343
25.36, 1402.78449354
25.37, 1403.38474364
25.38, 1403.98499375
25.39, 1404.58524385
25.4, 1405.18549396
25.41, 1405.78574406
25.42, 1406.38599416
25.43, 1406.98624427
25.44, 1407.58649437
25.45, 1408.18674448
25.46, 1408.78699458
25.47, 1409.38724469
25.48, 1409.98749479
25.49, 1410.58774489
25.5, 1411.187995
25.51, 1411.7882451
25.52, 1412.38849521
25.53, 1412.98874531
25.54, 1413.58899541
25.55, 1414.18924552
25.56, 1414.78949562
25.57, 1415.38974573
25.58, 1415.98999583
25.59, 1416.59024594
25.6, 1417.19049604
25.61, 1417.79074614
25.62, 1418.39099625
25.63, 1418.99124635
25.64, 1419.59149646
25.65, 1420.19174656
25.66, 1420.79199667
25.67, 1421.39224677
25.68, 1421.99249687
25.69, 1422.59274698
25.7, 1423.19299708
25.71, 1423.79324719
25.72, 1424.39349729
25.73, 1424.99374739
25.74, 1425.5939975
25.75, 1426.1942476
25.76, 1426.79449771
25.77, 1427.39474781
25.78, 1427.99499792
25.79, 1428.59524802
25.8, 1429.19549812
25.81, 1429.79574823
25.82, 1430.39599833
25.83, 1430.99624844
25.84, 1431.59649854
25.85, 1432.19674865
25.86, 1432.79699875
25.87, 1433.39724885
25.88, 1433.99749896
25.89, 1434.59774906
25.9, 1435.19799917
25.91, 1435.79824927
25.92, 1436.39849937
25.93, 1436.99874948
25.94, 1437.59899958
25.95, 1438.19924969
25.96, 1438.79949979
25.97, 1439.3997499
25.98, 1440
25.99, 0
26, 0
26.01, 0
26.02, 0
26.03, 0
26.04, 0
26.05, 0
26.06, 0
26.07, 0
26.08, 0
26.09, 0
26.1, 0
26.11, 0
26.12, 0
26.13, 0
26.14, 0
26.15, 0
26.16, 0
26.17, 0
26.18, 0
26.19, 0
26.2, 0
26.21, 0
26.22, 0
26.23, 0
26.24, 0
26.25, 0
26.26, 0
26.27, 0
26.28, 0
26.29, 0
26.3, 0
26.31, 0
26.32, 0
26.33, 0
26.34, 0
26.35, 0
26.36, 0
26.37, 0
26.38, 0
26.39, 0
26.4, 0
26.41, 0
26.42, 0
26.43, 0
26.44, 0
26.45, 0
26.46, 0
26.47, 0
26.48, 0
26.49, 0
26.5, 0
26.51, 0
26.52, 0
26.53, 0
26.54, 0
26.55, 0
26.56, 0
26.57, 0
26.58, 0
26.59, 0
26.6, 0
26.61, 0
26.62, 0
26.63, 0
26.64, 0
26.65, 0
26.66, 0
26.67, 0
26.68, 0
26.69, 0
26.7, 0
26.71, 0
26.72, 0
26.73, 0
26.74, 0
26.75, 0
26.76, 0
26.77, 0
26.78, 0
26.79, 0
26.8, 0
26.81, 0
26.82, 0
26.83, 0
26.84, 0
26.85, 0
26.86, 0
26.87, 0
26.88, 0
26.89, 0
26.9, 0
26.91, 0
26.92, 0
26.93, 0
26.94, 0
26.95, 0
26.96, 0
26.97, 0
26.98, 0
26.99, 0
27, 0
27.01, 0
27.02, 0
27.03, 0
27.04, 0
27.05, 0
27.06, 0
27.07, 0
27.08, 0
27.09, 0
27.1, 0
27.11, 0
27.12, 0
27.13, 0
27.14, 0
27.15, 0
27.16, 0
27.17, 0
27.18, 0
27.19, 0
27.2, 0
27.21, 0
27.22, 0
27.23, 0
27.24, 0
27.25, 0
27.26, 0
27.27, 0
27.28, 0
27.29, 0
27.3, 0
27.31, 0
27.32, 0
27.33, 0
27.34, 0
27.35, 0
27.36, 0
27.37, 0
27.38, 0
27.39, 0
27.4, 0
27.41, 0
27.42, 0
27.43, 0
27.44, 0
27.45, 0
27.46, 0
27.47, 0
27.48, 0
27.49, 0
27.5, 0
27.51, 0
27.52, 0
27.53, 0
27.54, 0
27.55, 0
27.56, 0
27.57, 0
27.58, 0
27.59, 0
27.6, 0
27.61, 0
27.62, 0
27.63, 0
27.64, 0
27.65, 0
27.66, 0
27.67, 0
27.68, 0
27.69, 0
27.7, 0
27.71, 0
27.72, 0
27.73, 0
27.74, 0
27.75, 0
27.76, 0
27.77, 0
27.78, 0
27.79, 0
27.8, 0
27.81, 0
27.82, 0
27.83, 0
27.84, 0
27.85, 0
27.86, 0
27.87, 0
27.88, 0
27.89, 0
27.9, 0
27.91, 0
27.92, 0
27.93, 0
27.94, 0
27.95, 0
27.96, 0
27.97, 0
27.98, 0
27.99, 0
28, 0
28.01, 0
28.02, 0
28.03, 0
28.04, 0
28.05, 0
28.06, 0
28.07, 0
28.08, 0
28.09, 0
28.1, 0
28.11, 0
28.12, 0
28.13, 0
28.14, 0
28.15, 0
28.16, 0
28.17, 0
28.18, 0
28.19, 0
28.2, 0
28.21, 0
28.22, 0
28.23, 0
28.24, 0
28.25, 0
28.26, 0
28.27, 0
28.28, 0
28.29, 0
28.3, 0
28.31, 0
28.32, 0
28.33, 0
28.34, 0
28.35, 0
28.36, 0
28.37, 0
28.38, 0
28.39, 0
28.4, 0
28.41, 0
28.42, 0
28.43, 0
28.44, 0
28.45, 0
28.46, 0
28.47, 0
28.48, 0
28.49, 0
28.5, 0
28.51, 0
28.52, 0
28.53, 0
28.54, 0
28.55, 0
28.56, 0
28.57, 0
28.58, 0
28.59, 0
28.6, 0
28.61, 0
28.62, 0
28.63, 0
28.64, 0
28.65, 0
28.66, 0
28.67, 0
28.68, 0
28.69, 0
28.7, 0
28.71, 0
28.72, 0
28.73, 0
28.74, 0
28.75, 0
28.76, 0
28.77, 0
28.78, 0
28.79, 0
28.8, 0
28.81, 0
28.82, 0
28.83, 0
28.84, 0
28.85, 0
28.86, 0
28.87, 0
28.88, 0
28.89, 0
28.9, 0
28.91, 0
28.92, 0
28.93, 0
28.94, 0
28.95, 0
28.96, 0
28.97, 0
28.98, 0
28.99, 0
29, 0
29.01, 0
29.02, 0
29.03, 0
29.04, 0
29.05, 0
29.06, 0
29.07, 0
29.08, 0
29.09, 0
29.1, 0
29.11, 0
29.12, 0
29.13, 0
29.14, 0
29.15, 0
29.16, 0
29.17, 0
29.18, 0
29.19, 0
29.2, 0
29.21, 0
29.22, 0
29.23, 0
29.24, 0
29.25, 0
29.26, 0
29.27, 0
29.28, 0
29.29, 0
29.3, 0
29.31, 0
29.32, 0
29.33, 0
29.34, 0
29.35, 0
29.36, 0
29.37, 0
29.38, 0
29.39, 0
29.4, 0
29.41, 0
29.42, 0
29.43, 0
29.44, 0
29.45, 0
29.46, 0
29.47, 0
29.48, 0
29.49, 0
29.5, 0
29.51, 0
29.52, 0
29.53, 0
29.54, 0
29.55, 0
29.56, 0
29.57, 0
29.58, 0
29.59, 0
29.6, 0
29.61, 0
29.62, 0
29.63, 0
29.64, 0
29.65, 0
29.66, 0
29.67, 0
29.68, 0
29.69, 0
29.7, 0
29.71, 0
29.72, 0
29.73, 0
29.74, 0
29.75, 0
29.76, 0
29.77, 0
29.78, 0
29.79, 0
29.8, 0
29.81, 0
29.82, 0
29.83, 0
29.84, 0
29.85, 0
29.86, 0
29.87, 0
29.88, 0
29.89, 0
29.9, 0
29.91, 0
29.92, 0
29.93, 0
29.94, 0
29.95, 0
29.96, 0
29.97, 0
29.98, 0
29.99, 0
30, 0
ENDTABLE


LOG_ENTRY Used Dataset: Control: Steering (Open Loop); { Sine With Dwell } Ramp Steer #1
#Library : Control: Steering (Open Loop)
#DataSet : Ramp Steer #1
#Category: Sine With Dwell
#FileID  : StrSW_1f0d29dc-46a5-4a70-820a-33396ee007a4
#Created : 04-25-2023 15:11:47
#Modified: 04-25-2023 17:46:11
#Product : TruckSim 2023.0
#DataVer : 2023.0
#VehCode Open-Loop Steering

END
