PARSFILE
#FullDataName Control: Steering (Open Loop)`SWD #1`Sine With Dwell
OPT_DM 0
OPT_STR_BY_TRQ 0
#CheckBox0 0    

#RingCtrl0 SPLINE_FLAT
#RadioCtrl0 0    

#DiagramOne0
STEER_SW_TABLE SPLINE_FLAT
0, 0
0.01, 0
0.02, 0
0.03, 0
0.04, 0
0.05, 0
0.06, 0
0.07, 0
0.08, 0
0.09, 0
0.1, 0
0.11, 0
0.12, 0
0.13, 0
0.14, 0
0.15, 0
0.16, 0
0.17, 0
0.18, 0
0.19, 0
0.2, 0
0.21, 0
0.22, 0
0.23, 0
0.24, 0
0.25, 0
0.26, 0
0.27, 0
0.28, 0
0.29, 0
0.3, 0
0.31, 0
0.32, 0
0.33, 0
0.34, 0
0.35, 0
0.36, 0
0.37, 0
0.38, 0
0.39, 0
0.4, 0
0.41, 0
0.42, 0
0.43, 0
0.44, 0
0.45, 0
0.46, 0
0.47, 0
0.48, 0
0.49, 0
0.5, 0
0.51, 7.91426129722
0.52, 15.8132153791
0.53, 23.6815846366
0.54, 31.5041506155
0.55, 39.2657834514
0.56, 46.9514711322
0.57, 54.5463485339
0.58, 62.0357261714
0.59, 69.4051186099
0.6, 76.6402724817
0.61, 83.7271940539
0.62, 90.6521762944
0.63, 97.4018253828
0.64, 103.963086616
0.65, 110.323269658
0.66, 116.470073082
0.67, 122.39160817
0.68, 128.076421898
0.69, 133.513519093
0.7, 138.6923837
0.71, 143.602999117
0.72, 148.235867573
0.73, 152.582028495
0.74, 156.633075841
0.75, 160.381174354
0.76, 163.819074723
0.77, 166.9401276
0.78, 169.738296461
0.79, 172.208169281
0.8, 174.344969003
0.81, 176.144562779
0.82, 177.603469957
0.83, 178.718868823
0.84, 179.488602047
0.85, 179.911180866
0.86, 179.985787957
0.87, 179.71227902
0.88, 179.091183057
0.89, 178.123701348
0.9, 176.811705131
0.91, 175.157731977
0.92, 173.164980885
0.93, 170.837306098
0.94, 168.179209642
0.95, 165.195832623
0.96, 161.892945282
0.97, 158.276935834
0.98, 154.354798115
0.99, 150.13411805
1, 145.623058987
1.01, 140.830345904
1.02, 135.765248532
1.03, 130.437563434
1.04, 124.857595046
1.05, 119.036135758
1.06, 112.984445032
1.07, 106.714227629
1.08, 100.237610968
1.09, 93.5671216717
1.1, 86.7156613383
1.11, 79.696481587
1.12, 72.5231584285
1.13, 65.2095660068
1.14, 57.7698497653
1.15, 50.2183990871
1.16, 42.5698194643
1.17, 34.8389042492
1.18, 27.0406060417
1.19, 19.1900077695
1.2, 11.3022935153
1.21, 3.39271914877
1.22, -4.5234171798
1.23, -12.4308046286
1.24, -20.3141492772
1.25, -28.1582037072
1.26, -35.9477964926
1.27, -43.6678615432
1.28, -51.3034672446
1.29, -58.8398453379
1.3, -66.2624194832
1.31, -73.5568334525
1.32, -80.7089788962
1.33, -87.7050226306
1.34, -94.531433393
1.35, -101.175008013
1.36, -107.62289695
1.37, -113.862629144
1.38, -119.882136138
1.39, -125.669775419
1.4, -131.214352936
1.41, -136.505144752
1.42, -141.531917785
1.43, -146.284949598
1.44, -150.755047208
1.45, -154.933564861
1.46, -158.812420758
1.47, -162.384112686
1.48, -165.641732526
1.49, -168.578979615
1.5, -171.190172933
1.51, -173.470262092
1.52, -175.414837102
1.53, -177.020136899
1.54, -178.283056625
1.55, -179.201153629
1.56, -179.772652189
1.57, -180
1.58, -180
1.59, -180
1.6, -180
1.61, -180
1.62, -180
1.63, -180
1.64, -180
1.65, -180
1.66, -180
1.67, -180
1.68, -180
1.69, -180
1.7, -180
1.71, -180
1.72, -180
1.73, -180
1.74, -180
1.75, -180
1.76, -180
1.77, -180
1.78, -180
1.79, -180
1.8, -180
1.81, -180
1.82, -180
1.83, -180
1.84, -180
1.85, -180
1.86, -180
1.87, -180
1.88, -180
1.89, -180
1.9, -180
1.91, -180
1.92, -180
1.93, -180
1.94, -180
1.95, -180
1.96, -180
1.97, -180
1.98, -180
1.99, -180
2, -180
2.01, -180
2.02, -180
2.03, -180
2.04, -180
2.05, -180
2.06, -180
2.07, -180
2.08, -180
2.09, -180
2.1, -180
2.11, -180
2.12, -180
2.13, -180
2.14, -180
2.15, -180
2.16, -180
2.17, -180
2.18, -180
2.19, -180
2.2, -180
2.21, -180
2.22, -180
2.23, -180
2.24, -180
2.25, -180
2.26, -180
2.27, -180
2.28, -180
2.29, -180
2.3, -180
2.31, -180
2.32, -180
2.33, -180
2.34, -180
2.35, -180
2.36, -180
2.37, -180
2.38, -180
2.39, -180
2.4, -180
2.41, -180
2.42, -180
2.43, -180
2.44, -180
2.45, -180
2.46, -180
2.47, -180
2.48, -180
2.49, -180
2.5, -180
2.51, -180
2.52, -180
2.53, -180
2.54, -180
2.55, -180
2.56, -180
2.57, -180
2.58, -180
2.59, -180
2.6, -180
2.61, -180
2.62, -180
2.63, -180
2.64, -180
2.65, -180
2.66, -180
2.67, -180
2.68, -180
2.69, -180
2.7, -180
2.71, -180
2.72, -180
2.73, -180
2.74, -180
2.75, -180
2.76, -180
2.77, -180
2.78, -180
2.79, -180
2.8, -180
2.81, -180
2.82, -180
2.83, -180
2.84, -180
2.85, -180
2.86, -180
2.87, -180
2.88, -180
2.89, -180
2.9, -180
2.91, -180
2.92, -180
2.93, -180
2.94, -180
2.95, -180
2.96, -180
2.97, -180
2.98, -180
2.99, -180
3, -180
3.01, -180
3.02, -180
3.03, -180
3.04, -180
3.05, -180
3.06, -180
3.07, -180
3.08, -180
3.09, -180
3.1, -180
3.11, -180
3.12, -180
3.13, -180
3.14, -180
3.15, -180
3.16, -180
3.17, -180
3.18, -180
3.19, -180
3.2, -180
3.21, -180
3.22, -180
3.23, -180
3.24, -180
3.25, -180
3.26, -180
3.27, -180
3.28, -180
3.29, -180
3.3, -180
3.31, -180
3.32, -180
3.33, -180
3.34, -180
3.35, -180
3.36, -180
3.37, -180
3.38, -180
3.39, -180
3.4, -180
3.41, -180
3.42, -180
3.43, -180
3.44, -180
3.45, -180
3.46, -180
3.47, -180
3.48, -180
3.49, -180
3.5, -180
3.51, -180
3.52, -180
3.53, -180
3.54, -180
3.55, -180
3.56, -180
3.57, -180
3.58, -180
3.59, -180
3.6, -180
3.61, -180
3.62, -180
3.63, -180
3.64, -180
3.65, -180
3.66, -180
3.67, -180
3.68, -180
3.69, -180
3.7, -180
3.71, -180
3.72, -180
3.73, -180
3.74, -180
3.75, -180
3.76, -180
3.77, -180
3.78, -180
3.79, -180
3.8, -180
3.81, -180
3.82, -180
3.83, -180
3.84, -180
3.85, -180
3.86, -180
3.87, -180
3.88, -180
3.89, -180
3.9, -180
3.91, -180
3.92, -180
3.93, -180
3.94, -180
3.95, -180
3.96, -180
3.97, -180
3.98, -180
3.99, -180
4, -180
4.01, -180
4.02, -180
4.03, -180
4.04, -180
4.05, -180
4.06, -180
4.07, -180
4.08, -180
4.09, -180
4.1, -180
4.11, -180
4.12, -180
4.13, -180
4.14, -180
4.15, -180
4.16, -180
4.17, -180
4.18, -180
4.19, -180
4.2, -180
4.21, -180
4.22, -180
4.23, -180
4.24, -180
4.25, -180
4.26, -180
4.27, -180
4.28, -180
4.29, -180
4.3, -180
4.31, -180
4.32, -180
4.33, -180
4.34, -180
4.35, -180
4.36, -180
4.37, -180
4.38, -180
4.39, -180
4.4, -180
4.41, -180
4.42, -180
4.43, -180
4.44, -180
4.45, -180
4.46, -180
4.47, -180
4.48, -180
4.49, -180
4.5, -180
4.51, -180
4.52, -180
4.53, -180
4.54, -180
4.55, -180
4.56, -180
4.57, -179.996446954
4.58, -179.872105075
4.59, -179.399867046
4.6, -178.580646237
4.61, -177.416027127
4.62, -175.908262242
4.63, -174.060267797
4.64, -171.875618054
4.65, -169.358538412
4.66, -166.51389723
4.67, -163.347196417
4.68, -159.864560786
4.69, -156.07272621
4.7, -151.97902659
4.71, -147.591379679
4.72, -142.918271757
4.73, -137.968741226
4.74, -132.752361124
4.75, -127.279220614
4.76, -121.559905462
4.77, -115.605477572
4.78, -109.427453585
4.79, -103.037782607
4.8, -96.4488230962
4.81, -89.6733189611
4.82, -82.7243749119
4.83, -75.6154311141
4.84, -68.3602371939
4.85, -60.9728256442
4.86, -53.4674846839
4.87, -45.858730623
4.88, -38.161279786
4.89, -30.3900200483
4.9, -22.5599820416
4.91, -14.6863100823
4.92, 0
4.93, 0
4.94, 0
4.95, 0
4.96, 0
4.97, 0
4.98, 0
4.99, 0
5, 0
5.01, 0
5.02, 0
5.03, 0
5.04, 0
5.05, 0
5.06, 0
5.07, 0
5.08, 0
5.09, 0
5.1, 0
5.11, 0
5.12, 0
5.13, 0
5.14, 0
5.15, 0
5.16, 0
5.17, 0
5.18, 0
5.19, 0
5.2, 0
5.21, 0
5.22, 0
5.23, 0
5.24, 0
5.25, 0
5.26, 0
5.27, 0
5.28, 0
5.29, 0
5.3, 0
5.31, 0
5.32, 0
5.33, 0
5.34, 0
5.35, 0
5.36, 0
5.37, 0
5.38, 0
5.39, 0
5.4, 0
5.41, 0
5.42, 0
5.43, 0
5.44, 0
5.45, 0
5.46, 0
5.47, 0
5.48, 0
5.49, 0
5.5, 0
5.51, 0
5.52, 0
5.53, 0
5.54, 0
5.55, 0
5.56, 0
5.57, 0
5.58, 0
5.59, 0
5.6, 0
5.61, 0
5.62, 0
5.63, 0
5.64, 0
5.65, 0
5.66, 0
5.67, 0
5.68, 0
5.69, 0
5.7, 0
5.71, 0
5.72, 0
5.73, 0
5.74, 0
5.75, 0
5.76, 0
5.77, 0
5.78, 0
5.79, 0
5.8, 0
5.81, 0
5.82, 0
5.83, 0
5.84, 0
5.85, 0
5.86, 0
5.87, 0
5.88, 0
5.89, 0
5.9, 0
5.91, 0
5.92, 0
5.93, 0
5.94, 0
5.95, 0
5.96, 0
5.97, 0
5.98, 0
5.99, 0
6, 0
6.01, 0
6.02, 0
6.03, 0
6.04, 0
6.05, 0
6.06, 0
6.07, 0
6.08, 0
6.09, 0
6.1, 0
6.11, 0
6.12, 0
6.13, 0
6.14, 0
6.15, 0
6.16, 0
6.17, 0
6.18, 0
6.19, 0
6.2, 0
6.21, 0
6.22, 0
6.23, 0
6.24, 0
6.25, 0
6.26, 0
6.27, 0
6.28, 0
6.29, 0
6.3, 0
6.31, 0
6.32, 0
6.33, 0
6.34, 0
6.35, 0
6.36, 0
6.37, 0
6.38, 0
6.39, 0
6.4, 0
6.41, 0
6.42, 0
6.43, 0
6.44, 0
6.45, 0
6.46, 0
6.47, 0
6.48, 0
6.49, 0
6.5, 0
6.51, 0
6.52, 0
6.53, 0
6.54, 0
6.55, 0
6.56, 0
6.57, 0
6.58, 0
6.59, 0
6.6, 0
6.61, 0
6.62, 0
6.63, 0
6.64, 0
6.65, 0
6.66, 0
6.67, 0
6.68, 0
6.69, 0
6.7, 0
6.71, 0
6.72, 0
6.73, 0
6.74, 0
6.75, 0
6.76, 0
6.77, 0
6.78, 0
6.79, 0
6.8, 0
6.81, 0
6.82, 0
6.83, 0
6.84, 0
6.85, 0
6.86, 0
6.87, 0
6.88, 0
6.89, 0
6.9, 0
6.91, 0
6.92, 0
6.93, 0
6.94, 0
6.95, 0
6.96, 0
6.97, 0
6.98, 0
6.99, 0
7, 0
ENDTABLE


LOG_ENTRY Used Dataset: Control: Steering (Open Loop); { Sine With Dwell } SWD #1
#Library : Control: Steering (Open Loop)
#DataSet : SWD #1
#Category: Sine With Dwell
#FileID  : StrSW_009c16a0-27db-48f4-b88f-6da4d982cbc5
#Created : 04-13-2023 12:40:16
#Modified: 05-04-2023 09:38:50
#Product : TruckSim 2023.0
#DataVer : 2023.0
#VehCode Open-Loop Steering

END
