PARSFILE
#FullDataName Control: Steering (Open Loop)`Sine Sweep Axicle #1`Sine Wave
OPT_DM 0
OPT_STR_BY_TRQ 0
#CheckBox0 0    

#RingCtrl0 SPLINE_FLAT
#RadioCtrl0 0    

#DiagramOne0
STEER_SW_TABLE SPLINE_FLAT
0, 2.82696831703
0.0400801603206, 5.6794215683
0.0801603206413, 8.55436019504
0.120240480962, 11.448616386
0.160320641283, 14.3588535782
0.200400801603, 17.2815664017
0.240480961924, 20.2130810928
0.280561122244, 23.1495564056
0.320641282565, 26.0869850471
0.360721442886, 29.0211956621
0.400801603206, 31.9478553963
0.440881763527, 34.862473062
0.480961923848, 37.7604029328
0.521042084168, 40.6368491916
0.561122244489, 43.4868710569
0.60120240481, 46.3053886084
0.64128256513, 49.0871893369
0.681362725451, 51.8269354355
0.721442885772, 54.5191718542
0.761523046092, 57.1583351323
0.801603206413, 59.7387630271
0.841683366733, 62.254704949
0.881763527054, 64.7003332165
0.921843687375, 67.0697551379
0.961923847695, 69.3570259267
1.00200400802, 71.556162452
1.04208416834, 73.6611578249
1.08216432866, 75.6659968166
1.12224448898, 77.5646721003
1.1623246493, 79.3512013069
1.20240480962, 81.0196448783
1.24248496994, 82.5641246993
1.28256513026, 83.9788434841
1.32264529058, 85.2581048896
1.3627254509, 86.3963343205
1.40280561122, 87.3881003903
1.44288577154, 88.2281369927
1.48296593186, 88.9113659356
1.52304609218, 89.4329200835
1.56312625251, 89.7881669478
1.60320641283, 89.9727326614
1.64328657315, 89.9825262632
1.68336673347, 89.8137642198
1.72344689379, 89.4629950973
1.76352705411, 88.9271242983
1.80360721443, 88.2034387671
1.84368737475, 87.2896315648
1.88376753507, 86.1838262079
1.92384769539, 84.8846006591
1.96392785571, 83.3910108543
2.00400801603, 81.7026136448
2.04408817635, 79.819489027
2.08416833667, 77.7422615307
2.12424849699, 75.4721206294
2.16432865731, 73.0108400348
2.20440881764, 70.3607957344
2.24448897796, 67.5249826249
2.28456913828, 64.5070295976
2.3246492986, 61.3112129251
2.36472945892, 57.9424677999
2.40480961924, 54.4063978761
2.44488977956, 50.709282664
2.48496993988, 46.8580826289
2.5250501002, 42.8604418504
2.56513026052, 38.7246880966
2.60521042084, 34.4598301756
2.64529058116, 30.0755524318
2.68537074148, 25.5822062558
2.7254509018, 20.9907984914
2.76553106212, 16.3129766229
2.80561122244, 11.5610106439
2.84569138277, 6.74777151157
2.88577154309, 1.88670610791
2.92585170341, -3.0081913613
2.96593186373, -7.92241158265
3.00601202405, -12.8409660053
3.04609218437, -17.748426387
3.08617234469, -22.62896802
3.12625250501, -27.4664166224
3.16633266533, -32.2442988605
3.20641282565, -36.9458964453
3.24649298597, -41.5543037281
3.28657314629, -46.0524886911
3.32665330661, -50.4233572111
3.36673346693, -54.6498204465
3.40681362725, -58.7148651721
3.44689378758, -62.6016268625
3.4869739479, -66.2934652968
3.52705410822, -69.7740424312
3.56713426854, -73.0274022596
3.60721442886, -76.0380523551
3.64729458918, -78.7910467584
3.6873747495, -81.2720698543
3.72745490982, -83.4675208491
3.76753507014, -85.3645984399
3.80761523046, -86.9513852405
3.84769539078, -88.2169315062
3.8877755511, -89.1513376796
3.92785571142, -89.7458352585
3.96793587174, -89.9928654691
4.00801603206, -89.8861552138
4.04809619238, -89.4207897464
4.08817635271, -88.5932815205
4.12825651303, -87.4016346466
4.16833667335, -85.845404389
4.20841683367, -83.9257511336
4.24849699399, -81.6454882583
4.28857715431, -79.0091233456
4.32865731463, -76.0228921848
4.36873747495, -72.6947850287
4.40881763527, -69.0345645844
4.44889779559, -65.0537752444
4.48897795591, -60.7657430914
4.52905811623, -56.1855662402
4.56913827655, -51.330095122
4.60921843687, -46.2179023549
4.64929859719, -40.8692418935
4.68937875752, -35.3059972026
4.72945891784, -29.5516182563
4.76953907816, -23.6310472259
4.80961923848, -17.5706327859
4.8496993988, -11.3980330373
4.88977955912, -5.14210712367
4.92985971944, 1.16720430821
4.96993987976, 7.49900956823
5.01002004008, 13.8216069842
5.0501002004, 20.1026361574
5.09018036072, 26.3092389166
5.13026052104, 32.4082293817
5.17034068136, 38.3662724596
5.21042084168, 44.1500699979
5.250501002, 49.7265537339
5.29058116232, 55.0630840837
5.33066132265, 60.1276537269
5.37074148297, 64.8890948571
5.41082164329, 69.317288885
5.45090180361, 73.3833773031
5.49098196393, 77.0599723462
5.53106212425, 80.3213660185
5.57114228457, 83.1437359947
5.61122244489, 85.5053468539
5.65130260521, 87.3867450595
5.69138276553, 88.7709460691
5.73146292585, 89.6436119332
5.77154308617, 89.9932177322
5.81162324649, 89.8112052032
5.85170340681, 89.0921219234
5.89178356713, 87.8337444435
5.93186372745, 86.03718381
5.97194388778, 83.7069719714
6.0120240481, 80.8511276366
6.05210420842, 77.4812002422
6.09218436874, 73.6122907905
6.13226452906, 69.2630484372
6.17234468938, 64.4556418472
6.2124248497, 59.215704483
6.25250501002, 53.5722531603
6.29258517034, 47.557579383
6.33266533066, 41.2071131632
6.37274549098, 34.5592592406
6.4128256513, 27.6552058325
6.45290581162, 20.5387062736
6.49298597194, 13.2558341434
6.53306613226, 5.85471272468
6.57314629259, -1.61478011517
6.61322645291, -9.10133027115
6.65330661323, -16.5525273742
6.69338677355, -23.9152245321
6.73346693387, -31.135915728
6.77354709419, -38.16112852
6.81362725451, -44.9378294469
6.85370741483, -51.4138393188
6.89378757515, -57.5382553555
6.93386773547, -63.261876942
6.97394789579, -68.5376315879
7.01402805611, -73.3209975266
7.05410821643, -77.5704192526
7.09418837675, -81.247712199
7.13426853707, -84.3184526755
7.17434869739, -86.7523491512
7.21442885772, -88.523590957
7.25450901804, -89.6111705108
7.29458917836, -89.9991752386
7.33466933868, -89.6770454699
7.374749499, -88.6397947347
7.41482965932, -86.8881890788
7.45490981964, -84.4288822457
7.49498997996, -81.2745038483
7.53507014028, -77.4436979652
7.5751503006, -72.9611099583
7.61523046092, -67.8573196957
7.65531062124, -62.1687198032
7.69539078156, -55.9373380297
7.73547094188, -49.2106033131
7.7755511022, -42.0410556603
7.81563126253, -34.4860005054
7.85571142285, -26.6071087838
7.89579158317, -18.4699645451
7.93587174349, -10.1435625237
7.97595190381, -1.69975868873
8.01603206413, 6.78732261248
8.05611222445, 15.2419207093
8.09619238477, 23.5873050843
8.13627254509, 31.7464709433
8.17635270541, 39.6428580318
8.21643286573, 47.2010863676
8.25651302605, 54.3477021244
8.29659318637, 61.0119265131
8.33667334669, 67.1264001813
8.37675350701, 72.6279153931
8.41683366733, 77.4581280585
8.45691382766, 81.5642415727
8.49699398798, 84.899654397
8.5370741483, 87.4245633733
8.57715430862, 89.1065149121
8.61723446894, 89.9208964458
8.65731462926, 89.8513608737
8.69739478958, 88.8901771712
8.7374749499, 87.0385008699
8.77755511022, 84.3065587482
8.81763527054, 80.7137428
8.85771543086, 76.2886093653
8.89779559118, 71.0687802058
8.9378757515, 65.1007432898
8.97795591182, 58.4395520966
9.01803607214, 51.1484233644
9.05811623246, 43.2982343629
9.09819639279, 34.9669219735
9.13827655311, 26.2387870863
9.17835671343, 17.2037090614
9.21843687375, 7.95627623819
9.25851703407, -1.40516030155
9.29859719439, -10.7795013285
9.33867735471, -20.0639728913
9.37875751503, -29.1552479774
9.41883767535, -37.9506048285
9.45891783567, -46.3491094421
9.49899799599, -54.2528090233
9.53907815631, -61.567922512
9.57915831663, -68.2060138177
9.61923847695, -74.0851330661
9.65931863727, -79.1309109981
9.6993987976, -83.2775916856
9.73947895792, -86.4689889425
9.77955911824, -88.6593522177
9.81963927856, -89.8141283696
9.85971943888, -89.9106065341
9.8997995992, -88.9384343146
9.93987975952, -86.8999947337
9.97995991984, -83.8106347899
10.0200400802, -79.6987380465
10.0601202405, -74.6056354282
10.1002004008, -68.5853503059
10.1402805611, -61.7041759827
10.1803607214, -54.0400858388
10.2204408818, -45.6819786254
10.2605210421, -36.7287636856
10.3006012024, -27.2882932012
10.3406813627, -17.4761508826
10.380761523, -7.41430879975
10.4208416834, 2.77033372804
10.4609218437, 12.9475131569
10.501002004, 22.9852486548
10.5410821643, 32.7515531453
10.5811623246, 42.1161870586
10.621242485, 50.952432034
10.6613226453, 59.1388607306
10.7014028056, 66.5610781168
10.7414829659, 73.1134091402
10.7815631263, 78.700507562
10.8216432866, 83.2388609798
10.8617234469, 86.6581676789
10.9018036072, 88.9025619502
10.9418837675, 89.9316658966
10.9819639279, 89.7214475125
11.0220440882, 88.2648669564
11.0621242485, 85.5722954268
11.1022044088, 81.6716938736
11.1422845691, 76.6085419057
11.1823647295, 70.4455106498
11.2224448898, 63.261876942
11.2625250501, 55.1526800401
11.3026052104, 46.2276259829
11.3426853707, 36.6097487316
11.3827655311, 26.4338412602
11.4228456914, 15.8446737329
11.4629258517, 4.99501977258
11.503006012, -5.95648449533
11.5430861723, -16.8476205064
11.5831663327, -27.5149751936
11.623246493, -37.7964028219
11.6633266533, -47.5335244472
11.7034068136, -56.5742269218
11.7434869739, -64.7751221142
11.7835671343, -72.0039263445
11.8236472946, -78.1417200009
11.8637274549, -83.0850479196
11.9038076152, -86.7478224032
11.9438877756, -89.0629927196
11.9839679359, -89.9839475707
12.0240480962, -89.4856203221
12.0641282565, -87.5652707196
12.1042084168, -84.2429213389
12.1442885772, -79.5614320779
12.1843687375, -73.586201526
12.2244488978, -66.4044899772
12.2645290581, -58.1243650835
12.3046092184, -48.8732775957
12.3446893788, -38.7962811931
12.3847695391, -28.0539169596
12.4248496994, -16.8197894939
12.4649298597, -5.27786784311
12.50501002, 6.38044971645
12.5450901804, 17.9594626654
12.5851703407, 29.2624378427
12.625250501, 40.0949684474
12.6653306613, 50.2683659733
12.7054108216, 59.603026249
12.745490982, 67.9317093825
12.7855711423, 75.1026730712
12.8256513026, 80.9825995011
12.8657314629, 85.4592579344
12.9058116232, 88.4438481002
12.9458917836, 89.872973634
12.9859719439, 89.7102000352
13.0260521042, 87.9471578653
13.0661322645, 84.6041591214
13.1062124248, 79.7303027871
13.1462925852, 73.403054369
13.1863727455, 65.7272936272
13.2264529058, 56.8338345504
13.2665330661, 46.8774317353
13.3066132265, 36.0342975157
13.3466933868, 24.4991642639
13.3867735471, 12.4819360389
13.4268537074, 0.203982995652
13.4669338677, -12.1058595223
13.5070140281, -24.215517693
13.5470941884, -35.8940557336
13.5871743487, -46.916121028
13.627254509, -57.0663729025
13.6673346693, -66.1438078834
13.7074148297, -73.9658937451
13.74749499, -80.3724258717
13.7875751503, -85.2290224595
13.8276553106, -88.4301798895
13.8677354709, -89.9018161634
13.9078156313, -89.6032385571
13.9478957916, -87.5284814985
13.9879759519, -83.7069719714
14.0280561122, -78.2034923063
14.0681362725, -71.1174238263
14.1082164329, -62.5812692208
14.1482965932, -52.7584664505
14.1883767535, -41.8405221459
14.2284569138, -30.0435075285
14.2685370741, -17.6039745402
14.3086172345, -4.77436377432
14.3486973948, 8.18201136196
14.3887775551, 20.9963083827
14.4288577154, 33.3997217331
14.4689378758, 45.1291576714
14.5090180361, 55.9328990549
14.5490981964, 65.5761379058
14.5891783567, 73.8462530647
14.629258517, 80.5577123434
14.6693386774, 85.5564834347
14.7094188377, 88.7238454048
14.749498998, 89.9795028217
14.7895791583, 89.2839173174
14.8296593186, 86.6397864546
14.869739479, 82.0926169059
14.9098196393, 75.730357837
14.9498997996, 67.6820806561
14.9899799599, 58.1157125135
15.0300601202, 47.2348526734
15.0701402806, 35.2747226337
15.1102204409, 22.4973221368
15.1503006012, 9.18588348291
15.1903807615, -4.36126468599
15.2304609218, -17.8372962186
15.2705410822, -30.933806716
15.3106212425, -43.3478996691
15.3507014028, -54.7892778241
15.3907815631, -64.9871736259
15.4308617234, -73.696951901
15.4709418838, -80.7062212333
15.5110220441, -85.8402978023
15.5511022044, -88.9668767735
15.5911823647, -89.9997815022
15.6312625251, -88.9016796135
15.6713426854, -85.6856771048
15.7114228457, -80.4157265597
15.751503006, -73.2058128408
15.7915831663, -64.2179086483
15.8316633267, -53.6587224272
15.871743487, -41.7752915593
15.9118236473, -28.8495038357
15.9519038076, -15.1916590982
15.9919839679, -1.13320988986
16.0320641283, 12.981155784
16.0721442886, 26.8019056273
16.1122244489, 39.9833273946
16.1523046092, 52.1922534645
16.1923847695, 63.116625624
16.2324649299, 72.4736784134
16.2725450902, 80.0175234352
16.3126252505, 85.545926846
16.3527054108, 88.9060877731
16.3927855711, 89.9992464063
16.4328657315, 88.783976642
16.4729458918, 85.2780488786
16.5130260521, 79.5587832168
16.5531062124, 71.7618511153
16.5931863727, 62.078523574
16.6332665331, 50.7514051743
16.6733466934, 38.0687347124
16.7134268537, 24.3573736106
16.753507014, 9.97464164712
16.7935871743, -4.70080531287
16.8336673347, -19.2788300311
16.873747495, -33.3681499056
16.9138276553, -46.5868836713
16.9539078156, -58.5730256256
16.993987976, -68.994559109
17.0340681363, -77.5589237181
17.0741482966, -84.0215615049
17.1142284569, -88.1932861741
17.1543086172, -89.9462457731
17.1943887776, -89.218283059
17.2344689379, -86.0155379248
17.2745490982, -80.4131820098
17.3146292585, -72.5542258003
17.3547094188, -62.6463918359
17.3947895792, -50.9571026398
17.4348697395, -37.8066871566
17.4749498998, -23.5599632065
17.5150300601, -8.61640414799
17.5551102204, 6.6008560093
17.5951903808, 21.6568848646
17.6352705411, 36.11735465
17.6753507014, 49.5611356601
17.7154308617, 61.5927156544
17.755511022, 71.8540771132
17.7955911824, 80.0356713792
17.8356713427, 85.8861468219
17.875751503, 89.2205170285
17.9158316633, 89.9264941171
17.9559118236, 87.9687607243
17.995991984, 83.3910108543
18.0360721443, 76.3156531328
18.0761523046, 66.9411383381
18.1162324649, 55.5369444617
18.1563126253, 42.4363248604
18.1963927856, 28.0269961031
18.2364729459, 12.7400096472
18.2765531062, -2.96288671615
18.3166332665, -18.6030377352
18.3567134269, -33.699415759
18.3967935872, -47.7834651029
18.4368737475, -60.4137989112
18.4769539078, -71.1902856518
18.5170340681, -79.7670707998
18.5571142285, -85.8641023386
18.5971943888, -89.276766141
18.6372745491, -89.8832883192
18.6773547094, -87.6496250245
18.7174348697, -82.6316342607
18.7575150301, -74.9744069645
18.7975951904, -64.9087234786
18.8376753507, -52.7446938811
18.877755511, -38.8627335106
18.9178356713, -23.7021154158
18.9579158317, -7.74742629363
18.997995992, 8.48667120464
19.0380761523, 24.471901917
19.0781563126, 39.683548292
19.1182364729, 53.6177728641
19.1583166333, 65.8085210987
19.1983967936, 75.8434336725
19.2384769539, 83.3782175304
19.2785571142, 88.1489644493
19.3186372745, 89.9819635567
19.3587174349, 88.8006288838
19.3987975952, 84.6292525117
19.4388777555, 77.5933955626
19.4789579158, 67.9168400576
19.5190380762, 55.9151409391
19.5591182365, 41.9859354686
19.5991983968, 26.5962827202
19.6392785571, 10.2674148695
19.6793587174, -6.44261954608
19.7194388778, -22.957856042
19.7595190381, -38.7042273979
19.7995991984, -53.1296127976
19.8396793587, -65.7234227855
19.879759519, -76.0350209238
19.9198396794, -83.6903089189
19.9599198397, -88.4058525656
20, -90
ENDTABLE


LOG_ENTRY Used Dataset: Control: Steering (Open Loop); { Sine Wave } Sine Sweep Axicle #1
#Library : Control: Steering (Open Loop)
#DataSet : Sine Sweep Axicle #1
#Category: Sine Wave
#FileID  : StrSW_6e1d7952-2ed6-4572-8d33-80d316399628
#Created : 05-04-2023 09:24:09
#Modified: 05-04-2023 09:25:44
#Product : TruckSim 2023.0
#DataVer : 2023.0
#VehCode Open-Loop Steering

END
