PARSFILE
#FullDataName Steering System: Kinematics for One Wheel`Axle 1, Left, Axle 3-4 Midpt. = 6830 mm`Tandem Steer, SS_SS
#CheckBox0 0    

#RingCtrl0 SPLINE
#RadioCtrl0 0    

#DiagramOne0
STEER_KIN_TABLE SPLINE
-36.4, -33.55
-36.04, -33.24
-35.68, -32.92
-35.31, -32.61
-34.95, -32.29
-34.58, -31.97
-34.22, -31.66
-33.86, -31.34
-33.49, -31.02
-33.13, -30.7
-32.76, -30.39
-32.4, -30.07
-32.03, -29.75
-31.67, -29.43
-31.31, -29.11
-30.94, -28.79
-30.58, -28.47
-30.21, -28.15
-29.85, -27.83
-29.49, -27.51
-29.12, -27.19
-28.76, -26.87
-28.39, -26.55
-28.03, -26.23
-27.67, -25.9
-27.3, -25.58
-26.94, -25.26
-26.57, -24.94
-26.21, -24.61
-25.85, -24.29
-25.48, -23.96
-25.12, -23.64
-24.75, -23.31
-24.39, -22.99
-24.03, -22.66
-23.66, -22.34
-23.3, -22.01
-22.93, -21.68
-22.57, -21.36
-22.21, -21.03
-21.84, -20.7
-21.48, -20.37
-21.11, -20.04
-20.75, -19.71
-20.39, -19.38
-20.02, -19.05
-19.66, -18.72
-19.29, -18.39
-18.93, -18.06
-18.57, -17.72
-18.2, -17.39
-17.84, -17.06
-17.47, -16.72
-17.11, -16.39
-16.75, -16.05
-16.38, -15.72
-16.02, -15.38
-15.65, -15.05
-15.29, -14.71
-14.93, -14.37
-14.56, -14.03
-14.2, -13.69
-13.83, -13.35
-13.47, -13.01
-13.11, -12.67
-12.74, -12.33
-12.38, -11.99
-12.01, -11.65
-11.65, -11.31
-11.29, -10.96
-10.92, -10.62
-10.56, -10.27
-10.19, -9.93
-9.83, -9.58
-9.47, -9.24
-9.1, -8.89
-8.74, -8.54
-8.37, -8.19
-8.01, -7.84
-7.65, -7.49
-7.28, -7.14
-6.92, -6.79
-6.55, -6.44
-6.19, -6.09
-5.82, -5.74
-5.46, -5.38
-5.1, -5.03
-4.73, -4.67
-4.37, -4.32
-4, -3.96
-3.64, -3.61
-3.28, -3.25
-2.91, -2.89
-2.55, -2.53
-2.18, -2.17
-1.82, -1.81
-1.46, -1.45
-1.09, -1.09
-0.73, -0.73
-0.36, -0.36
0, 0
0.36, 0.36
0.73, 0.73
1.09, 1.1
1.46, 1.46
1.82, 1.83
2.18, 2.2
2.55, 2.57
2.91, 2.93
3.28, 3.3
3.64, 3.68
4, 4.05
4.37, 4.42
4.73, 4.79
5.1, 5.17
5.46, 5.54
5.82, 5.92
6.19, 6.29
6.55, 6.67
6.92, 7.04
7.28, 7.42
7.65, 7.8
8.01, 8.18
8.37, 8.56
8.74, 8.94
9.1, 9.32
9.47, 9.71
9.83, 10.09
10.19, 10.47
10.56, 10.86
10.92, 11.24
11.29, 11.63
11.65, 12.01
12.01, 12.4
12.38, 12.79
12.74, 13.18
13.11, 13.57
13.47, 13.96
13.83, 14.35
14.2, 14.74
14.56, 15.13
14.93, 15.52
15.29, 15.92
15.65, 16.31
16.02, 16.71
16.38, 17.1
16.75, 17.5
17.11, 17.89
17.47, 18.29
17.84, 18.69
18.2, 19.09
18.57, 19.49
18.93, 19.89
19.29, 20.29
19.66, 20.69
20.02, 21.09
20.39, 21.49
20.75, 21.9
21.11, 22.3
21.48, 22.7
21.84, 23.11
22.21, 23.52
22.57, 23.92
22.93, 24.33
23.3, 24.73
23.66, 25.14
24.03, 25.55
24.39, 25.96
24.75, 26.37
25.12, 26.78
25.48, 27.19
25.85, 27.6
26.21, 28.01
26.57, 28.42
26.94, 28.84
27.3, 29.25
27.67, 29.66
28.03, 30.08
28.39, 30.49
28.76, 30.9
29.12, 31.32
29.49, 31.73
29.85, 32.15
30.21, 32.57
30.58, 32.98
30.94, 33.4
31.31, 33.82
31.67, 34.24
32.03, 34.65
32.4, 35.07
32.76, 35.49
33.13, 35.91
33.49, 36.33
33.86, 36.75
34.22, 37.17
34.58, 37.59
34.95, 38.01
35.31, 38.43
35.68, 38.85
36.04, 39.27
36.4, 39.7
ENDTABLE


LOG_ENTRY Used Dataset: Steering System: Kinematics for One Wheel; { Tandem Steer, SS_SS } Axle 1, Left, Axle 3-4 Midpt. = 6830 mm
#Library : Steering System: Kinematics for One Wheel
#DataSet : Axle 1, Left, Axle 3-4 Midpt. = 6830 mm
#Category: Tandem Steer, SS_SS
#FileID  : StrKin_042387ab-7191-44c0-bb1f-1078fa13b6ce
#Modified: 06-07-2021 01:49:06
#Product : TruckSim 2022.1
#DataVer : 2022.1
#VehCode Steering Kinematics

END
