PARSFILE
#FullDataName Steering System: Kinematics for One Wheel`Axle 2, Right, Axle 3-4 Midpt. = 4980 mm`Tandem Steer, SS_SS
#CheckBox0 0    

#RingCtrl0 SPLINE
#RadioCtrl0 0    

#DiagramOne0
STEER_KIN_TABLE SPLINE
-36.4, -29.13
-36.04, -28.82
-35.67, -28.5
-35.31, -28.19
-34.95, -27.88
-34.58, -27.56
-34.22, -27.25
-33.85, -26.94
-33.49, -26.63
-33.13, -26.31
-32.76, -26
-32.4, -25.69
-32.03, -25.38
-31.67, -25.07
-31.31, -24.76
-30.94, -24.45
-30.58, -24.14
-30.21, -23.84
-29.85, -23.53
-29.49, -23.22
-29.12, -22.91
-28.76, -22.61
-28.39, -22.3
-28.03, -22
-27.67, -21.69
-27.3, -21.39
-26.94, -21.08
-26.57, -20.78
-26.21, -20.47
-25.85, -20.17
-25.48, -19.87
-25.12, -19.57
-24.75, -19.27
-24.39, -18.97
-24.03, -18.67
-23.66, -18.37
-23.3, -18.07
-22.93, -17.77
-22.57, -17.47
-22.21, -17.17
-21.84, -16.87
-21.48, -16.58
-21.11, -16.28
-20.75, -15.99
-20.39, -15.69
-20.02, -15.4
-19.66, -15.1
-19.29, -14.81
-18.93, -14.51
-18.57, -14.22
-18.2, -13.93
-17.84, -13.64
-17.47, -13.35
-17.11, -13.06
-16.75, -12.77
-16.38, -12.48
-16.02, -12.19
-15.65, -11.9
-15.29, -11.61
-14.93, -11.32
-14.56, -11.04
-14.2, -10.75
-13.83, -10.46
-13.47, -10.18
-13.11, -9.9
-12.74, -9.61
-12.38, -9.33
-12.01, -9.04
-11.65, -8.76
-11.28, -8.48
-10.92, -8.2
-10.56, -7.92
-10.19, -7.64
-9.83, -7.36
-9.46, -7.08
-9.1, -6.8
-8.74, -6.52
-8.37, -6.24
-8.01, -5.97
-7.64, -5.69
-7.28, -5.41
-6.92, -5.14
-6.55, -4.86
-6.19, -4.59
-5.82, -4.31
-5.46, -4.04
-5.1, -3.77
-4.73, -3.49
-4.37, -3.22
-4, -2.95
-3.64, -2.68
-3.28, -2.41
-2.91, -2.14
-2.55, -1.87
-2.18, -1.6
-1.82, -1.33
-1.46, -1.07
-1.09, -0.8
-0.73, -0.53
-0.36, -0.27
0, 0
0.36, 0.27
0.73, 0.53
1.09, 0.79
1.46, 1.06
1.82, 1.32
2.18, 1.58
2.55, 1.85
2.91, 2.11
3.28, 2.37
3.64, 2.63
4, 2.89
4.37, 3.15
4.73, 3.41
5.1, 3.67
5.46, 3.92
5.82, 4.18
6.19, 4.44
6.55, 4.7
6.92, 4.95
7.28, 5.21
7.64, 5.46
8.01, 5.72
8.37, 5.97
8.74, 6.23
9.1, 6.48
9.46, 6.73
9.83, 6.99
10.19, 7.24
10.56, 7.49
10.92, 7.74
11.28, 7.99
11.65, 8.24
12.01, 8.49
12.38, 8.74
12.74, 8.99
13.11, 9.24
13.47, 9.49
13.83, 9.73
14.2, 9.98
14.56, 10.23
14.93, 10.47
15.29, 10.72
15.65, 10.97
16.02, 11.21
16.38, 11.45
16.75, 11.7
17.11, 11.94
17.47, 12.19
17.84, 12.43
18.2, 12.67
18.57, 12.91
18.93, 13.16
19.29, 13.4
19.66, 13.64
20.02, 13.88
20.39, 14.12
20.75, 14.36
21.11, 14.6
21.48, 14.84
21.84, 15.08
22.21, 15.31
22.57, 15.55
22.93, 15.79
23.3, 16.03
23.66, 16.26
24.03, 16.5
24.39, 16.74
24.75, 16.97
25.12, 17.21
25.48, 17.44
25.85, 17.68
26.21, 17.91
26.57, 18.15
26.94, 18.38
27.3, 18.61
27.67, 18.85
28.03, 19.08
28.39, 19.31
28.76, 19.54
29.12, 19.77
29.49, 20.01
29.85, 20.24
30.21, 20.47
30.58, 20.7
30.94, 20.93
31.31, 21.16
31.67, 21.39
32.03, 21.62
32.4, 21.85
32.76, 22.08
33.13, 22.3
33.49, 22.53
33.85, 22.76
34.22, 22.99
34.58, 23.22
34.95, 23.44
35.31, 23.67
35.67, 23.9
36.04, 24.12
36.4, 24.35
ENDTABLE


LOG_ENTRY Used Dataset: Steering System: Kinematics for One Wheel; { Tandem Steer, SS_SS } Axle 2, Right, Axle 3-4 Midpt. = 4980 mm
#Library : Steering System: Kinematics for One Wheel
#DataSet : Axle 2, Right, Axle 3-4 Midpt. = 4980 mm
#Category: Tandem Steer, SS_SS
#FileID  : StrKin_ac97d648-b539-4eb4-887f-8d7a3bbfc363
#Modified: 06-07-2021 01:49:07
#Product : TruckSim 2023.0
#DataVer : 2023.0
#VehCode Steering Kinematics

END
