PARSFILE
#FullDataName Steering System: Kinematics for One Wheel`Axle 1, Right, Axle 3-4 Midpt. = 6830 mm`Tandem Steer, SS_SS
#CheckBox0 0    

#RingCtrl0 SPLINE
#RadioCtrl0 0    

#DiagramOne0
STEER_KIN_TABLE SPLINE
-36.4, -39.7
-36.04, -39.27
-35.67, -38.85
-35.31, -38.43
-34.95, -38.01
-34.58, -37.59
-34.22, -37.17
-33.85, -36.75
-33.49, -36.33
-33.13, -35.91
-32.76, -35.49
-32.4, -35.07
-32.03, -34.65
-31.67, -34.24
-31.31, -33.82
-30.94, -33.4
-30.58, -32.98
-30.21, -32.57
-29.85, -32.15
-29.49, -31.73
-29.12, -31.32
-28.76, -30.9
-28.39, -30.49
-28.03, -30.08
-27.67, -29.66
-27.3, -29.25
-26.94, -28.84
-26.57, -28.42
-26.21, -28.01
-25.85, -27.6
-25.48, -27.19
-25.12, -26.78
-24.75, -26.37
-24.39, -25.96
-24.03, -25.55
-23.66, -25.14
-23.3, -24.73
-22.93, -24.33
-22.57, -23.92
-22.21, -23.52
-21.84, -23.11
-21.48, -22.7
-21.11, -22.3
-20.75, -21.9
-20.39, -21.49
-20.02, -21.09
-19.66, -20.69
-19.29, -20.29
-18.93, -19.89
-18.57, -19.49
-18.2, -19.09
-17.84, -18.69
-17.47, -18.29
-17.11, -17.89
-16.75, -17.5
-16.38, -17.1
-16.02, -16.71
-15.65, -16.31
-15.29, -15.92
-14.93, -15.52
-14.56, -15.13
-14.2, -14.74
-13.83, -14.35
-13.47, -13.96
-13.11, -13.57
-12.74, -13.18
-12.38, -12.79
-12.01, -12.4
-11.65, -12.01
-11.28, -11.63
-10.92, -11.24
-10.56, -10.86
-10.19, -10.47
-9.83, -10.09
-9.46, -9.71
-9.1, -9.32
-8.74, -8.94
-8.37, -8.56
-8.01, -8.18
-7.64, -7.8
-7.28, -7.42
-6.92, -7.04
-6.55, -6.67
-6.19, -6.29
-5.82, -5.92
-5.46, -5.54
-5.1, -5.17
-4.73, -4.79
-4.37, -4.42
-4, -4.05
-3.64, -3.68
-3.28, -3.3
-2.91, -2.93
-2.55, -2.57
-2.18, -2.2
-1.82, -1.83
-1.46, -1.46
-1.09, -1.1
-0.73, -0.73
-0.36, -0.36
0, 0
0.36, 0.36
0.73, 0.73
1.09, 1.09
1.46, 1.45
1.82, 1.81
2.18, 2.17
2.55, 2.53
2.91, 2.89
3.28, 3.25
3.64, 3.61
4, 3.96
4.37, 4.32
4.73, 4.67
5.1, 5.03
5.46, 5.38
5.82, 5.74
6.19, 6.09
6.55, 6.44
6.92, 6.79
7.28, 7.14
7.64, 7.49
8.01, 7.84
8.37, 8.19
8.74, 8.54
9.1, 8.89
9.46, 9.24
9.83, 9.58
10.19, 9.93
10.56, 10.27
10.92, 10.62
11.28, 10.96
11.65, 11.31
12.01, 11.65
12.38, 11.99
12.74, 12.33
13.11, 12.67
13.47, 13.01
13.83, 13.35
14.2, 13.69
14.56, 14.03
14.93, 14.37
15.29, 14.71
15.65, 15.05
16.02, 15.38
16.38, 15.72
16.75, 16.05
17.11, 16.39
17.47, 16.72
17.84, 17.06
18.2, 17.39
18.57, 17.72
18.93, 18.06
19.29, 18.39
19.66, 18.72
20.02, 19.05
20.39, 19.38
20.75, 19.71
21.11, 20.04
21.48, 20.37
21.84, 20.7
22.21, 21.03
22.57, 21.36
22.93, 21.68
23.3, 22.01
23.66, 22.34
24.03, 22.66
24.39, 22.99
24.75, 23.31
25.12, 23.64
25.48, 23.96
25.85, 24.29
26.21, 24.61
26.57, 24.94
26.94, 25.26
27.3, 25.58
27.67, 25.9
28.03, 26.23
28.39, 26.55
28.76, 26.87
29.12, 27.19
29.49, 27.51
29.85, 27.83
30.21, 28.15
30.58, 28.47
30.94, 28.79
31.31, 29.11
31.67, 29.43
32.03, 29.75
32.4, 30.07
32.76, 30.39
33.13, 30.7
33.49, 31.02
33.85, 31.34
34.22, 31.66
34.58, 31.97
34.95, 32.29
35.31, 32.61
35.67, 32.92
36.04, 33.24
36.4, 33.55
ENDTABLE


LOG_ENTRY Used Dataset: Steering System: Kinematics for One Wheel; { Tandem Steer, SS_SS } Axle 1, Right, Axle 3-4 Midpt. = 6830 mm
#Library : Steering System: Kinematics for One Wheel
#DataSet : Axle 1, Right, Axle 3-4 Midpt. = 6830 mm
#Category: Tandem Steer, SS_SS
#FileID  : StrKin_7edf435a-4d9b-4974-97f8-bc71760ecc7a
#Modified: 06-07-2021 01:49:06
#Product : TruckSim 2022.1
#DataVer : 2022.1
#VehCode Steering Kinematics

END
