16:20:30.198 -> 229308,	yrp,	-19.88,	5.05,	0.79,	yrp_rate	,-0.12,	0.67,	0.37,	20000,	0.67,	00,	0,	00
16:20:30.198 -> 229323,	yrp,	-19.88,	5.05,	0.79,	yrp_rate	,-0.18,	0.73,	0.31,	20000,	0.73,	00,	0,	00
16:20:30.228 -> 229338,	yrp,	-19.88,	5.05,	0.79,	yrp_rate	,-0.12,	0.61,	0.31,	20000,	0.61,	00,	0,	00
16:20:30.228 -> 229353,	yrp,	-19.88,	5.05,	0.79,	yrp_rate	,-0.18,	0.61,	0.31,	20000,	0.61,	00,	0,	00
16:20:30.261 -> 229368,	yrp,	-19.87,	5.05,	0.79,	yrp_rate	,-0.12,	0.67,	0.31,	20000,	0.67,	00,	0,	00
16:20:30.261 -> 229383,	yrp,	-19.87,	5.05,	0.79,	yrp_rate	,-0.18,	0.67,	0.43,	20000,	0.67,	00,	0,	00
16:20:30.295 -> 229398,	yrp,	-19.87,	5.05,	0.79,	yrp_rate	,-0.18,	0.61,	0.37,	20000,	0.61,	00,	0,	00
16:20:30.295 -> 229413,	yrp,	-19.87,	5.05,	0.79,	yrp_rate	,-0.12,	0.67,	0.37,	20000,	0.67,	00,	0,	00
16:20:30.295 -> 229428,	yrp,	-19.87,	5.05,	0.79,	yrp_rate	,-0.12,	0.67,	0.37,	20000,	0.67,	00,	0,	00
16:20:30.330 -> 229443,	yrp,	-19.88,	5.05,	0.79,	yrp_rate	,-0.18,	0.67,	0.43,	20000,	0.67,	00,	0,	00
16:20:30.330 -> 229457,	yrp,	-19.88,	5.04,	0.79,	yrp_rate	,-0.12,	0.67,	0.49,	20000,	0.67,	00,	0,	00
16:20:30.363 -> 229473,	yrp,	-19.88,	5.04,	0.79,	yrp_rate	,-0.24,	0.67,	0.31,	20000,	0.67,	00,	0,	00
16:20:30.363 -> 229488,	yrp,	-19.88,	5.04,	0.79,	yrp_rate	,-0.18,	0.61,	0.43,	20000,	0.61,	00,	0,	00
16:20:30.397 -> 229502,	yrp,	-19.88,	5.04,	0.79,	yrp_rate	,-0.18,	0.67,	0.43,	20000,	0.67,	00,	0,	00
16:20:30.397 -> 229518,	yrp,	-19.88,	5.04,	0.79,	yrp_rate	,-0.12,	0.67,	0.37,	20000,	0.67,	00,	0,	00
16:20:30.430 -> 229533,	yrp,	-19.88,	5.04,	0.79,	yrp_rate	,-0.24,	0.67,	0.37,	20000,	0.67,	00,	0,	00
16:20:30.430 -> 229548,	yrp,	-19.88,	5.04,	0.80,	yrp_rate	,-0.18,	0.73,	0.31,	20000,	0.73,	00,	0,	00
16:20:30.430 -> 229563,	yrp,	-19.88,	5.04,	0.80,	yrp_rate	,-0.18,	0.67,	0.43,	20000,	0.67,	00,	0,	00
16:20:30.464 -> 229577,	yrp,	-19.88,	5.04,	0.80,	yrp_rate	,-0.24,	0.67,	0.37,	20000,	0.67,	00,	0,	00
16:20:30.464 -> 229593,	yrp,	-19.88,	5.04,	0.79,	yrp_rate	,-0.18,	0.61,	0.37,	20000,	0.61,	00,	0,	00
16:20:30.498 -> 229608,	yrp,	-19.88,	5.04,	0.79,	yrp_rate	,-0.24,	0.67,	0.43,	20000,	0.67,	00,	0,	00
16:20:30.498 -> 229622,	yrp,	-19.88,	5.04,	0.79,	yrp_rate	,-0.12,	0.61,	0.37,	20000,	0.61,	00,	0,	00
16:20:30.532 -> 229638,	yrp,	-19.88,	5.04,	0.79,	yrp_rate	,-0.24,	0.67,	0.37,	20000,	0.67,	00,	0,	00
16:20:30.532 -> 229653,	yrp,	-19.88,	5.04,	0.79,	yrp_rate	,-0.18,	0.67,	0.37,	20000,	0.67,	00,	0,	00
16:20:30.566 -> 229667,	yrp,	-19.88,	5.04,	0.79,	yrp_rate	,-0.18,	0.67,	0.43,	20000,	0.67,	00,	0,	00
16:20:30.566 -> 229683,	yrp,	-19.88,	5.04,	0.79,	yrp_rate	,-0.06,	0.67,	0.37,	20000,	0.67,	00,	0,	00
16:20:30.566 -> 229697,	yrp,	-19.88,	5.04,	0.79,	yrp_rate	,-0.12,	0.67,	0.37,	20000,	0.67,	00,	0,	00
16:20:30.599 -> 229712,	yrp,	-19.88,	5.04,	0.79,	yrp_rate	,-0.24,	0.67,	0.37,	20000,	0.67,	00,	0,	00
16:20:30.599 -> 229728,	yrp,	-19.88,	5.04,	0.79,	yrp_rate	,-0.18,	0.67,	0.37,	20000,	0.67,	00,	0,	00
16:20:30.634 -> 229742,	yrp,	-19.88,	5.04,	0.79,	yrp_rate	,-0.12,	0.61,	0.37,	20000,	0.61,	00,	0,	00
16:20:30.634 -> 229757,	yrp,	-19.88,	5.04,	0.79,	yrp_rate	,-0.18,	0.61,	0.37,	20000,	0.61,	00,	0,	00
16:20:30.667 -> 229773,	yrp,	-19.88,	5.04,	0.79,	yrp_rate	,-0.12,	0.61,	0.37,	20000,	0.61,	00,	0,	00
16:20:30.667 -> 229787,	yrp,	-19.88,	5.04,	0.79,	yrp_rate	,-0.18,	0.67,	0.37,	20000,	0.67,	00,	0,	00
16:20:30.701 -> 229803,	yrp,	-19.88,	5.04,	0.79,	yrp_rate	,-0.18,	0.67,	0.37,	20000,	0.67,	00,	0,	00
16:20:30.701 -> 229817,	yrp,	-19.88,	5.04,	0.78,	yrp_rate	,-0.18,	0.61,	0.43,	20000,	0.61,	00,	0,	00
16:20:30.701 -> 229832,	yrp,	-19.88,	5.04,	0.78,	yrp_rate	,-0.18,	0.67,	0.37,	20000,	0.67,	00,	0,	00
16:20:30.734 -> 229848,	yrp,	-19.88,	5.04,	0.78,	yrp_rate	,-0.12,	0.61,	0.43,	20000,	0.61,	00,	0,	00
16:20:30.734 -> 229862,	yrp,	-19.88,	5.04,	0.78,	yrp_rate	,-0.24,	0.61,	0.37,	20000,	0.61,	00,	0,	00
16:20:30.769 -> 229877,	yrp,	-19.88,	5.04,	0.78,	yrp_rate	,-0.12,	0.61,	0.37,	20000,	0.61,	00,	0,	00
16:20:30.769 -> 229893,	yrp,	-19.88,	5.04,	0.78,	yrp_rate	,-0.18,	0.61,	0.31,	20000,	0.61,	00,	0,	00
16:20:30.803 -> 229907,	yrp,	-19.88,	5.04,	0.78,	yrp_rate	,-0.18,	0.55,	0.37,	20000,	0.55,	00,	0,	00
16:20:30.803 -> 229922,	yrp,	-19.88,	5.04,	0.78,	yrp_rate	,-0.18,	0.61,	0.43,	20000,	0.61,	00,	0,	00
16:20:30.837 -> 229937,	yrp,	-19.88,	5.04,	0.78,	yrp_rate	,-0.18,	0.61,	0.37,	20000,	0.61,	00,	0,	00
16:20:30.837 -> 229952,	yrp,	-19.88,	5.04,	0.78,	yrp_rate	,-0.12,	0.67,	0.37,	20000,	0.67,	00,	0,	00
16:20:30.837 -> 229967,	yrp,	-19.88,	5.05,	0.78,	yrp_rate	,-0.18,	0.61,	0.37,	20000,	0.61,	00,	0,	00
16:20:30.871 -> 229982,	yrp,	-19.88,	5.05,	0.78,	yrp_rate	,-0.18,	0.61,	0.37,	20000,	0.61,	00,	0,	00
16:20:30.871 -> 229997,	yrp,	-19.88,	5.05,	0.78,	yrp_rate	,-0.18,	0.55,	0.43,	20000,	0.55,	00,	0,	00
16:20:30.906 -> 230012,	yrp,	-19.88,	5.05,	0.79,	yrp_rate	,-0.18,	0.61,	0.43,	20000,	0.61,	00,	0,	00
16:20:30.906 -> 230027,	yrp,	-19.88,	5.05,	0.79,	yrp_rate	,-0.12,	0.73,	0.37,	20000,	0.73,	00,	0,	00
16:20:30.940 -> 230042,	yrp,	-19.88,	5.05,	0.79,	yrp_rate	,-0.12,	0.61,	0.37,	20000,	0.61,	00,	0,	00
16:20:30.940 -> 230056,	yrp,	-19.88,	5.05,	0.79,	yrp_rate	,-0.24,	0.61,	0.37,	20000,	0.61,	00,	0,	00
16:20:30.973 -> 230072,	yrp,	-19.88,	5.05,	0.78,	yrp_rate	,-0.18,	0.67,	0.43,	20000,	0.67,	00,	0,	00
16:20:30.973 -> 230087,	yrp,	-19.88,	5.05,	0.79,	yrp_rate	,-0.18,	0.67,	0.37,	20000,	0.67,	00,	0,	00
16:20:30.973 -> 230102,	yrp,	-19.88,	5.05,	0.78,	yrp_rate	,-0.18,	0.67,	0.31,	20000,	0.67,	00,	0,	00
16:20:31.007 -> 230117,	yrp,	-19.88,	5.05,	0.78,	yrp_rate	,-0.18,	0.67,	0.31,	20000,	0.67,	00,	0,	00
16:20:31.007 -> 230132,	yrp,	-19.88,	5.05,	0.78,	yrp_rate	,-0.12,	0.67,	0.37,	20000,	0.67,	00,	0,	00
16:20:31.041 -> 230147,	yrp,	-19.88,	5.05,	0.78,	yrp_rate	,-0.18,	0.67,	0.37,	20000,	0.67,	00,	0,	00
16:20:31.041 -> 230162,	yrp,	-19.87,	5.05,	0.78,	yrp_rate	,-0.18,	0.67,	0.43,	20000,	0.67,	00,	0,	00
16:20:31.075 -> 230176,	yrp,	-19.88,	5.05,	0.78,	yrp_rate	,-0.18,	0.61,	0.37,	20000,	0.61,	00,	0,	00
16:20:31.075 -> 230192,	yrp,	-19.88,	5.05,	0.78,	yrp_rate	,-0.12,	0.67,	0.37,	20000,	0.67,	00,	0,	00
16:20:31.108 -> 230207,	yrp,	-19.88,	5.05,	0.78,	yrp_rate	,-0.12,	0.67,	0.43,	20000,	0.67,	00,	0,	00
16:20:31.108 -> 230221,	yrp,	-19.88,	5.05,	0.78,	yrp_rate	,-0.18,	0.67,	0.37,	20000,	0.67,	00,	0,	00
16:20:31.108 -> 230237,	yrp,	-19.88,	5.05,	0.78,	yrp_rate	,-0.18,	0.61,	0.37,	20000,	0.61,	00,	0,	00
16:20:31.142 -> 230252,	yrp,	-19.88,	5.05,	0.78,	yrp_rate	,-0.18,	0.67,	0.37,	20000,	0.67,	00,	0,	00
16:20:31.142 -> 230266,	yrp,	-19.88,	5.05,	0.78,	yrp_rate	,-0.12,	0.67,	0.37,	20000,	0.67,	00,	0,	00
16:20:31.175 -> 230282,	yrp,	-19.88,	5.05,	0.78,	yrp_rate	,-0.12,	0.67,	0.43,	20000,	0.67,	00,	0,	00
16:20:31.175 -> 230296,	yrp,	-19.88,	5.05,	0.78,	yrp_rate	,-0.12,	0.67,	0.43,	20000,	0.67,	00,	0,	00
16:20:31.210 -> 230311,	yrp,	-19.88,	5.05,	0.78,	yrp_rate	,-0.18,	0.67,	0.37,	20000,	0.67,	00,	0,	00
16:20:31.210 -> 230327,	yrp,	-19.88,	5.05,	0.78,	yrp_rate	,-0.24,	0.61,	0.43,	20000,	0.61,	00,	0,	00
16:20:31.210 -> 230341,	yrp,	-19.88,	5.05,	0.78,	yrp_rate	,-0.12,	0.67,	0.37,	20000,	0.67,	00,	0,	00
16:20:31.244 -> 230356,	yrp,	-19.88,	5.05,	0.78,	yrp_rate	,-0.12,	0.73,	0.43,	20000,	0.73,	00,	0,	00
16:20:31.244 -> 230372,	yrp,	-19.88,	5.05,	0.78,	yrp_rate	,-0.18,	0.67,	0.31,	20000,	0.67,	00,	0,	00
16:20:31.277 -> 230386,	yrp,	-19.88,	5.05,	0.78,	yrp_rate	,-0.18,	0.61,	0.43,	20000,	0.61,	00,	0,	00
16:20:31.277 -> 230402,	yrp,	-19.88,	5.05,	0.78,	yrp_rate	,-0.18,	0.67,	0.43,	20000,	0.67,	00,	0,	00
16:20:31.311 -> 230416,	yrp,	-19.88,	5.05,	0.78,	yrp_rate	,-0.12,	0.67,	0.37,	20000,	0.67,	00,	0,	00
16:20:31.311 -> 230431,	yrp,	-19.88,	5.05,	0.79,	yrp_rate	,-0.18,	0.67,	0.37,	20000,	0.67,	00,	0,	00
16:20:31.344 -> 230447,	yrp,	-19.88,	5.05,	0.79,	yrp_rate	,-0.12,	0.67,	0.37,	20000,	0.67,	00,	0,	00
16:20:31.344 -> 230461,	yrp,	-19.88,	5.05,	0.79,	yrp_rate	,-0.24,	0.67,	0.37,	20000,	0.67,	00,	0,	00
16:20:31.344 -> 230476,	yrp,	-19.88,	5.05,	0.79,	yrp_rate	,-0.12,	0.67,	0.37,	20000,	0.67,	00,	0,	00
16:20:31.379 -> 230492,	yrp,	-19.88,	5.05,	0.79,	yrp_rate	,-0.18,	0.67,	0.37,	20000,	0.67,	00,	0,	00
16:20:31.379 -> 230506,	yrp,	-19.88,	5.05,	0.79,	yrp_rate	,-0.12,	0.67,	0.43,	20000,	0.67,	00,	0,	00
16:20:31.412 -> 230521,	yrp,	-19.88,	5.05,	0.79,	yrp_rate	,-0.12,	0.67,	0.43,	20000,	0.67,	00,	0,	00
16:20:31.412 -> 230536,	yrp,	-19.88,	5.05,	0.79,	yrp_rate	,-0.18,	0.61,	0.37,	20000,	0.61,	00,	0,	00
16:20:31.447 -> 230551,	yrp,	-19.88,	5.05,	0.79,	yrp_rate	,-0.18,	0.67,	0.37,	20000,	0.67,	00,	0,	00
16:20:31.447 -> 230566,	yrp,	-19.88,	5.05,	0.79,	yrp_rate	,-0.18,	0.67,	0.43,	20000,	0.67,	00,	0,	00
16:20:31.481 -> 230581,	yrp,	-19.88,	5.04,	0.78,	yrp_rate	,-0.24,	0.61,	0.37,	20000,	0.61,	00,	0,	00
16:20:31.481 -> 230596,	yrp,	-19.88,	5.05,	0.78,	yrp_rate	,-0.24,	0.67,	0.43,	20000,	0.67,	00,	0,	00
16:20:31.481 -> 230611,	yrp,	-19.88,	5.05,	0.78,	yrp_rate	,-0.18,	0.67,	0.37,	20000,	0.67,	00,	0,	00
16:20:31.515 -> 230626,	yrp,	-19.88,	5.05,	0.78,	yrp_rate	,-0.18,	0.67,	0.37,	20000,	0.67,	00,	0,	00
16:20:31.515 -> 230641,	yrp,	-19.88,	5.05,	0.78,	yrp_rate	,-0.24,	0.61,	0.37,	20000,	0.61,	00,	0,	00
16:20:31.548 -> 230656,	yrp,	-19.88,	5.05,	0.78,	yrp_rate	,-0.18,	0.61,	0.37,	20000,	0.61,	00,	0,	00
16:20:31.548 -> 230671,	yrp,	-19.88,	5.05,	0.78,	yrp_rate	,-0.18,	0.67,	0.37,	20000,	0.67,	00,	0,	00
16:20:31.582 -> 230686,	yrp,	-19.88,	5.06,	0.78,	yrp_rate	,-0.18,	0.73,	0.37,	20000,	0.73,	00,	0,	00
16:20:31.582 -> 230701,	yrp,	-19.88,	5.05,	0.78,	yrp_rate	,-0.24,	0.67,	0.43,	20000,	0.67,	00,	0,	00
16:20:31.615 -> 230716,	yrp,	-19.88,	5.05,	0.78,	yrp_rate	,-0.18,	0.61,	0.37,	20000,	0.61,	00,	0,	00
16:20:31.615 -> 230731,	yrp,	-19.88,	5.05,	0.78,	yrp_rate	,-0.18,	0.67,	0.37,	20000,	0.67,	00,	0,	00
16:20:31.615 -> 230746,	yrp,	-19.88,	5.05,	0.78,	yrp_rate	,-0.18,	0.67,	0.43,	20000,	0.67,	00,	0,	00
16:20:31.649 -> 230761,	yrp,	-19.88,	5.05,	0.78,	yrp_rate	,-0.18,	0.67,	0.43,	20000,	0.67,	00,	0,	00
16:20:31.649 -> 230775,	yrp,	-19.88,	5.05,	0.78,	yrp_rate	,-0.12,	0.67,	0.49,	20000,	0.67,	00,	0,	00
16:20:31.684 -> 230791,	yrp,	-19.88,	5.05,	0.78,	yrp_rate	,-0.18,	0.67,	0.43,	20000,	0.67,	00,	0,	00
16:20:31.684 -> 230806,	yrp,	-19.88,	5.05,	0.78,	yrp_rate	,-0.18,	0.67,	0.37,	20000,	0.67,	00,	0,	00
16:20:31.718 -> 230820,	yrp,	-19.88,	5.05,	0.78,	yrp_rate	,-0.18,	0.73,	0.37,	20000,	0.73,	00,	0,	00
16:20:31.718 -> 230836,	yrp,	-19.88,	5.05,	0.78,	yrp_rate	,-0.12,	0.67,	0.37,	20000,	0.67,	00,	0,	00
16:20:31.752 -> 230851,	yrp,	-19.88,	5.05,	0.78,	yrp_rate	,-0.12,	0.67,	0.43,	20000,	0.67,	00,	0,	00
16:20:31.752 -> 230865,	yrp,	-19.88,	5.05,	0.78,	yrp_rate	,-0.12,	0.61,	0.31,	20000,	0.61,	00,	0,	00
16:20:31.752 -> 230881,	yrp,	-19.88,	5.05,	0.78,	yrp_rate	,-0.12,	0.61,	0.43,	20000,	0.61,	00,	0,	00
16:20:31.785 -> 230895,	yrp,	-19.88,	5.05,	0.78,	yrp_rate	,-0.24,	0.67,	0.43,	20000,	0.67,	00,	0,	00
16:20:31.785 -> 230910,	yrp,	-19.88,	5.05,	0.78,	yrp_rate	,-0.12,	0.67,	0.43,	20000,	0.67,	00,	0,	00
16:20:31.819 -> 230926,	yrp,	-19.88,	5.05,	0.78,	yrp_rate	,-0.24,	0.67,	0.37,	20000,	0.67,	00,	0,	00
16:20:31.819 -> 230940,	yrp,	-19.88,	5.05,	0.78,	yrp_rate	,-0.18,	0.67,	0.37,	20000,	0.67,	00,	0,	00
16:20:31.854 -> 230956,	yrp,	-19.88,	5.05,	0.78,	yrp_rate	,-0.18,	0.67,	0.43,	20000,	0.67,	00,	0,	00
16:20:31.854 -> 230970,	yrp,	-19.88,	5.05,	0.77,	yrp_rate	,-0.18,	0.61,	0.37,	20000,	0.61,	00,	0,	00
16:20:31.854 -> 230985,	yrp,	-19.88,	5.05,	0.77,	yrp_rate	,-0.18,	0.61,	0.43,	20000,	0.61,	00,	0,	00
16:20:31.888 -> 231001,	yrp,	-19.88,	5.05,	0.77,	yrp_rate	,-0.18,	0.67,	0.31,	20000,	0.67,	00,	0,	00
16:20:31.888 -> 231015,	yrp,	-19.88,	5.05,	0.77,	yrp_rate	,-0.18,	0.67,	0.37,	20000,	0.67,	00,	0,	00
16:20:31.922 -> 231030,	yrp,	-19.88,	5.05,	0.77,	yrp_rate	,-0.18,	0.61,	0.49,	20000,	0.61,	00,	0,	00
16:20:31.922 -> 231046,	yrp,	-19.88,	5.05,	0.77,	yrp_rate	,-0.18,	0.67,	0.37,	20000,	0.67,	00,	0,	00
16:20:31.956 -> 231060,	yrp,	-19.88,	5.05,	0.77,	yrp_rate	,-0.18,	0.67,	0.37,	20000,	0.67,	00,	0,	00
16:20:31.956 -> 231075,	yrp,	-19.88,	5.05,	0.77,	yrp_rate	,-0.18,	0.73,	0.37,	20000,	0.73,	00,	0,	00
16:20:31.956 -> 231090,	yrp,	-19.88,	5.05,	0.77,	yrp_rate	,-0.18,	0.67,	0.37,	20000,	0.67,	00,	0,	00
16:20:31.990 -> 231105,	yrp,	-19.88,	5.05,	0.77,	yrp_rate	,-0.18,	0.61,	0.43,	20000,	0.61,	00,	0,	00
16:20:31.990 -> 231120,	yrp,	-19.88,	5.05,	0.77,	yrp_rate	,-0.24,	0.67,	0.37,	20000,	0.67,	00,	0,	00
16:20:32.023 -> 231135,	yrp,	-19.88,	5.05,	0.77,	yrp_rate	,-0.12,	0.67,	0.37,	20000,	0.67,	00,	0,	00
16:20:32.023 -> 231150,	yrp,	-19.88,	5.05,	0.77,	yrp_rate	,-0.18,	0.73,	0.37,	20000,	0.73,	00,	0,	00
16:20:32.056 -> 231165,	yrp,	-19.88,	5.05,	0.77,	yrp_rate	,-0.24,	0.67,	0.37,	20000,	0.67,	00,	0,	00
16:20:32.056 -> 231180,	yrp,	-19.88,	5.05,	0.77,	yrp_rate	,-0.18,	0.67,	0.43,	20000,	0.67,	00,	0,	00
16:20:32.090 -> 231195,	yrp,	-19.88,	5.05,	0.77,	yrp_rate	,-0.18,	0.61,	0.43,	20000,	0.61,	00,	0,	00
16:20:32.090 -> 231209,	yrp,	-19.88,	5.05,	0.77,	yrp_rate	,-0.18,	0.73,	0.37,	20000,	0.73,	00,	0,	00
16:20:32.123 -> 231225,	yrp,	-19.88,	5.05,	0.77,	yrp_rate	,-0.18,	0.67,	0.43,	20000,	0.67,	00,	0,	00
16:20:32.123 -> 231240,	yrp,	-19.88,	5.05,	0.77,	yrp_rate	,-0.18,	0.67,	0.43,	20000,	0.67,	00,	0,	00
16:20:32.157 -> 231255,	yrp,	-19.88,	5.05,	0.77,	yrp_rate	,-0.18,	0.67,	0.37,	20000,	0.67,	00,	0,	00
16:20:32.157 -> 231270,	yrp,	-19.88,	5.05,	0.77,	yrp_rate	,-0.24,	0.67,	0.43,	20000,	0.67,	00,	0,	00
16:20:32.157 -> 231285,	yrp,	-19.88,	5.05,	0.77,	yrp_rate	,-0.18,	0.73,	0.43,	20000,	0.73,	00,	0,	00
16:20:32.191 -> 231300,	yrp,	-19.88,	5.05,	0.77,	yrp_rate	,-0.18,	0.67,	0.37,	20000,	0.67,	00,	0,	00
16:20:32.191 -> 231315,	yrp,	-19.88,	5.05,	0.77,	yrp_rate	,-0.12,	0.61,	0.43,	20000,	0.61,	00,	0,	00
16:20:32.225 -> 231329,	yrp,	-19.88,	5.05,	0.77,	yrp_rate	,-0.18,	0.67,	0.43,	20000,	0.67,	00,	0,	00
16:20:32.225 -> 231345,	yrp,	-19.88,	5.05,	0.77,	yrp_rate	,-0.24,	0.67,	0.37,	20000,	0.67,	00,	0,	00
16:20:32.259 -> 231360,	yrp,	-19.88,	5.05,	0.77,	yrp_rate	,-0.12,	0.67,	0.43,	20000,	0.67,	00,	0,	00
16:20:32.259 -> 231374,	yrp,	-19.88,	5.05,	0.77,	yrp_rate	,-0.18,	0.61,	0.43,	20000,	0.61,	00,	0,	00
16:20:32.293 -> 231390,	yrp,	-19.88,	5.05,	0.77,	yrp_rate	,-0.18,	0.61,	0.37,	20000,	0.61,	00,	0,	00
16:20:32.293 -> 231405,	yrp,	-19.88,	5.05,	0.77,	yrp_rate	,-0.12,	0.61,	0.37,	20000,	0.61,	00,	0,	00
16:20:32.293 -> 231419,	yrp,	-19.88,	5.05,	0.77,	yrp_rate	,-0.24,	0.67,	0.37,	20000,	0.67,	00,	0,	00
16:20:32.326 -> 231435,	yrp,	-19.88,	5.05,	0.77,	yrp_rate	,-0.18,	0.61,	0.37,	20000,	0.61,	00,	0,	00
16:20:32.326 -> 231449,	yrp,	-19.88,	5.05,	0.77,	yrp_rate	,-0.18,	0.67,	0.37,	20000,	0.67,	00,	0,	00
16:20:32.361 -> 231464,	yrp,	-19.88,	5.05,	0.77,	yrp_rate	,-0.18,	0.67,	0.37,	20000,	0.67,	00,	0,	00
16:20:32.361 -> 231480,	yrp,	-19.88,	5.05,	0.77,	yrp_rate	,-0.18,	0.61,	0.37,	20000,	0.61,	00,	0,	00
16:20:32.394 -> 231494,	yrp,	-19.88,	5.05,	0.77,	yrp_rate	,-0.18,	0.67,	0.37,	20000,	0.67,	00,	0,	00
16:20:32.394 -> 231510,	yrp,	-19.88,	5.06,	0.77,	yrp_rate	,-0.18,	0.61,	0.37,	20000,	0.61,	00,	0,	00
16:20:32.394 -> 231525,	yrp,	-19.88,	5.06,	0.77,	yrp_rate	,-0.12,	0.61,	0.37,	20000,	0.61,	00,	0,	00
16:20:32.427 -> 231539,	yrp,	-19.88,	5.06,	0.77,	yrp_rate	,-0.24,	0.61,	0.37,	20000,	0.61,	00,	0,	00
16:20:32.427 -> 231555,	yrp,	-19.88,	5.06,	0.77,	yrp_rate	,-0.31,	0.61,	0.31,	20000,	0.61,	00,	0,	00
16:20:32.461 -> 231569,	yrp,	-19.88,	5.06,	0.77,	yrp_rate	,-0.12,	0.67,	0.37,	20000,	0.67,	00,	0,	00
16:20:32.461 -> 231584,	yrp,	-19.88,	5.06,	0.77,	yrp_rate	,-0.18,	0.61,	0.37,	20000,	0.61,	00,	0,	00
16:20:32.494 -> 231600,	yrp,	-19.88,	5.06,	0.77,	yrp_rate	,-0.18,	0.61,	0.43,	20000,	0.61,	00,	0,	00
16:20:32.494 -> 231614,	yrp,	-19.88,	5.06,	0.77,	yrp_rate	,-0.18,	0.67,	0.37,	20000,	0.67,	00,	0,	00
16:20:32.527 -> 231629,	yrp,	-19.88,	5.06,	0.77,	yrp_rate	,-0.18,	0.61,	0.37,	20000,	0.61,	00,	0,	00
16:20:32.527 -> 231645,	yrp,	-19.88,	5.06,	0.77,	yrp_rate	,-0.12,	0.67,	0.37,	20000,	0.67,	00,	0,	00
16:20:32.527 -> 231659,	yrp,	-19.88,	5.06,	0.77,	yrp_rate	,-0.12,	0.61,	0.37,	20000,	0.61,	00,	0,	00
16:20:32.561 -> 231674,	yrp,	-19.88,	5.06,	0.77,	yrp_rate	,-0.12,	0.67,	0.31,	20000,	0.67,	00,	0,	00
16:20:32.561 -> 231689,	yrp,	-19.88,	5.06,	0.77,	yrp_rate	,-0.12,	0.67,	0.31,	20000,	0.67,	00,	0,	00
16:20:32.595 -> 231704,	yrp,	-19.88,	5.06,	0.77,	yrp_rate	,-0.12,	0.67,	0.37,	20000,	0.67,	00,	0,	00
16:20:32.595 -> 231719,	yrp,	-19.88,	5.06,	0.77,	yrp_rate	,-0.18,	0.61,	0.37,	20000,	0.61,	00,	0,	00
16:20:32.628 -> 231734,	yrp,	-19.88,	5.06,	0.77,	yrp_rate	,-0.12,	0.67,	0.43,	20000,	0.67,	00,	0,	00
16:20:32.628 -> 231749,	yrp,	-19.88,	5.06,	0.77,	yrp_rate	,-0.18,	0.61,	0.31,	20000,	0.61,	00,	0,	00
16:20:32.662 -> 231764,	yrp,	-19.88,	5.06,	0.77,	yrp_rate	,-0.18,	0.61,	0.43,	20000,	0.61,	00,	0,	00
16:20:32.662 -> 231779,	yrp,	-19.88,	5.06,	0.78,	yrp_rate	,-0.18,	0.67,	0.37,	20000,	0.67,	00,	0,	00
16:20:32.662 -> 231794,	yrp,	-19.88,	5.06,	0.78,	yrp_rate	,-0.18,	0.67,	0.43,	20000,	0.67,	00,	0,	00
16:20:32.697 -> 231809,	yrp,	-19.88,	5.06,	0.78,	yrp_rate	,-0.24,	0.67,	0.43,	20000,	0.67,	00,	0,	00
16:20:32.697 -> 231824,	yrp,	-19.88,	5.06,	0.78,	yrp_rate	,-0.18,	0.73,	0.43,	20000,	0.73,	00,	0,	00
16:20:32.731 -> 231839,	yrp,	-19.88,	5.06,	0.78,	yrp_rate	,-0.12,	0.67,	0.37,	20000,	0.67,	00,	0,	00
16:20:32.731 -> 231854,	yrp,	-19.88,	5.06,	0.78,	yrp_rate	,-0.12,	0.67,	0.37,	20000,	0.67,	00,	0,	00
16:20:32.764 -> 231869,	yrp,	-19.88,	5.06,	0.78,	yrp_rate	,-0.24,	0.61,	0.43,	20000,	0.61,	00,	0,	00
16:20:32.764 -> 231884,	yrp,	-19.88,	5.06,	0.78,	yrp_rate	,-0.18,	0.67,	0.37,	20000,	0.67,	00,	0,	00
16:20:32.798 -> 231899,	yrp,	-19.88,	5.06,	0.78,	yrp_rate	,-0.24,	0.73,	0.43,	20000,	0.73,	00,	0,	00
16:20:32.798 -> 231914,	yrp,	-19.88,	5.06,	0.78,	yrp_rate	,-0.18,	0.67,	0.43,	20000,	0.67,	00,	0,	00
16:20:32.798 -> 231928,	yrp,	-19.88,	5.06,	0.78,	yrp_rate	,-0.12,	0.67,	0.37,	20000,	0.67,	00,	0,	00
16:20:32.832 -> 231944,	yrp,	-19.88,	5.06,	0.78,	yrp_rate	,-0.18,	0.67,	0.37,	20000,	0.67,	00,	0,	00
16:20:32.832 -> 231959,	yrp,	-19.88,	5.06,	0.78,	yrp_rate	,-0.18,	0.67,	0.43,	20000,	0.67,	00,	0,	00
16:20:32.865 -> 231973,	yrp,	-19.88,	5.06,	0.78,	yrp_rate	,-0.18,	0.67,	0.37,	20000,	0.67,	00,	0,	00
16:20:32.865 -> 231989,	yrp,	-19.88,	5.06,	0.78,	yrp_rate	,-0.12,	0.67,	0.31,	20000,	0.67,	00,	0,	00
16:20:32.898 -> 232004,	yrp,	-19.88,	5.06,	0.78,	yrp_rate	,-0.12,	0.67,	0.37,	20000,	0.67,	00,	0,	00
16:20:32.898 -> 232018,	yrp,	-19.88,	5.06,	0.78,	yrp_rate	,-0.18,	0.73,	0.31,	20000,	0.73,	00,	0,	00
16:20:32.932 -> 232034,	yrp,	-19.88,	5.06,	0.78,	yrp_rate	,-0.12,	0.61,	0.37,	20000,	0.61,	00,	0,	00
16:20:32.932 -> 232048,	yrp,	-19.88,	5.06,	0.78,	yrp_rate	,-0.18,	0.67,	0.43,	20000,	0.67,	00,	0,	00
16:20:32.932 -> 232064,	yrp,	-19.88,	5.06,	0.78,	yrp_rate	,-0.49,	0.55,	0.37,	20000,	0.55,	00,	0,	00
16:20:32.967 -> 232079,	yrp,	-19.88,	5.06,	0.77,	yrp_rate	,-0.24,	0.61,	0.37,	20000,	0.61,	00,	0,	00
16:20:32.967 -> 232093,	yrp,	-19.88,	5.06,	0.77,	yrp_rate	,-0.24,	0.67,	0.49,	20000,	0.67,	00,	0,	00
16:20:33.000 -> 232109,	yrp,	-19.88,	5.06,	0.77,	yrp_rate	,0.12,	0.73,	0.37,	20000,	0.73,	00,	0,	00
16:20:33.000 -> 232124,	yrp,	-19.88,	5.06,	0.77,	yrp_rate	,-0.12,	0.73,	0.37,	20000,	0.73,	00,	0,	00
16:20:33.036 -> 232138,	yrp,	-19.88,	5.06,	0.77,	yrp_rate	,0.00,	0.67,	0.37,	20000,	0.67,	00,	0,	00
16:20:33.036 -> 232154,	yrp,	-19.88,	5.06,	0.78,	yrp_rate	,-0.24,	0.67,	0.31,	20000,	0.67,	00,	0,	00
16:20:33.069 -> 232168,	yrp,	-19.88,	5.06,	0.78,	yrp_rate	,-0.24,	0.67,	0.43,	20000,	0.67,	00,	0,	00
16:20:33.069 -> 232183,	yrp,	-19.88,	5.06,	0.78,	yrp_rate	,-0.12,	0.61,	0.43,	20000,	0.61,	00,	0,	00
16:20:33.069 -> 232199,	yrp,	-19.88,	5.06,	0.78,	yrp_rate	,-0.18,	0.67,	0.37,	20000,	0.67,	00,	0,	00
16:20:33.104 -> 232213,	yrp,	-19.88,	5.06,	0.78,	yrp_rate	,-0.12,	0.67,	0.43,	20000,	0.67,	00,	0,	00
16:20:33.104 -> 232228,	yrp,	-19.88,	5.06,	0.78,	yrp_rate	,-0.18,	0.67,	0.43,	20000,	0.67,	00,	0,	00
16:20:33.137 -> 232244,	yrp,	-19.88,	5.06,	0.78,	yrp_rate	,-0.18,	0.67,	0.31,	20000,	0.67,	00,	0,	00
16:20:33.137 -> 232258,	yrp,	-19.88,	5.06,	0.78,	yrp_rate	,-0.12,	0.61,	0.37,	20000,	0.61,	00,	0,	00
16:20:33.170 -> 232273,	yrp,	-19.88,	5.06,	0.78,	yrp_rate	,-0.18,	0.61,	0.37,	20000,	0.61,	00,	0,	00
16:20:33.170 -> 232288,	yrp,	-19.88,	5.06,	0.78,	yrp_rate	,-0.12,	0.67,	0.37,	20000,	0.67,	00,	0,	00
16:20:33.204 -> 232303,	yrp,	-19.88,	5.06,	0.78,	yrp_rate	,-0.18,	0.73,	0.37,	20000,	0.73,	00,	0,	00
16:20:33.204 -> 232318,	yrp,	-19.88,	5.06,	0.78,	yrp_rate	,-0.12,	0.67,	0.43,	20000,	0.67,	00,	0,	00
16:20:33.204 -> 232333,	yrp,	-19.88,	5.06,	0.78,	yrp_rate	,-0.18,	0.67,	0.43,	20000,	0.67,	00,	0,	00
16:20:33.238 -> 232348,	yrp,	-19.88,	5.06,	0.78,	yrp_rate	,-0.18,	0.67,	0.43,	20000,	0.67,	00,	0,	00
16:20:33.238 -> 232364,	yrp,	-19.88,	5.06,	0.78,	yrp_rate	,-0.18,	0.67,	0.37,	20000,	0.67,	00,	0,	00
16:20:33.272 -> 232378,	yrp,	-19.88,	5.06,	0.78,	yrp_rate	,-0.12,	0.67,	0.37,	20000,	0.67,	00,	0,	00
16:20:33.272 -> 232393,	yrp,	-19.88,	5.06,	0.78,	yrp_rate	,-0.18,	0.67,	0.37,	20000,	0.67,	00,	0,	00
16:20:33.306 -> 232408,	yrp,	-19.88,	5.06,	0.78,	yrp_rate	,-0.24,	0.67,	0.37,	20000,	0.67,	00,	0,	00
16:20:33.306 -> 232423,	yrp,	-19.88,	5.06,	0.78,	yrp_rate	,-0.12,	0.73,	0.43,	20000,	0.73,	00,	0,	00
16:20:33.340 -> 232438,	yrp,	-19.88,	5.06,	0.78,	yrp_rate	,-0.24,	0.61,	0.37,	20000,	0.61,	00,	0,	00
16:20:33.340 -> 232453,	yrp,	-19.88,	5.06,	0.78,	yrp_rate	,-0.12,	0.67,	0.37,	20000,	0.67,	00,	0,	00
16:20:33.340 -> 232468,	yrp,	-19.88,	5.06,	0.78,	yrp_rate	,-0.18,	0.61,	0.31,	20000,	0.61,	00,	0,	00
16:20:33.373 -> 232483,	yrp,	-19.88,	5.06,	0.78,	yrp_rate	,-0.18,	0.67,	0.37,	20000,	0.67,	00,	0,	00
16:20:33.373 -> 232498,	yrp,	-19.88,	5.06,	0.78,	yrp_rate	,-0.24,	0.67,	0.37,	20000,	0.67,	00,	0,	00
16:20:33.408 -> 232513,	yrp,	-19.88,	5.06,	0.78,	yrp_rate	,-0.18,	0.67,	0.37,	20000,	0.67,	00,	0,	00
16:20:33.408 -> 232527,	yrp,	-19.88,	5.06,	0.78,	yrp_rate	,-0.12,	0.67,	0.37,	20000,	0.67,	00,	0,	00
16:20:33.443 -> 232543,	yrp,	-19.88,	5.06,	0.78,	yrp_rate	,-0.18,	0.67,	0.37,	20000,	0.67,	00,	0,	00
16:20:33.443 -> 232558,	yrp,	-19.88,	5.06,	0.78,	yrp_rate	,-0.18,	0.73,	0.37,	20000,	0.73,	00,	0,	00
16:20:33.443 -> 232572,	yrp,	-19.88,	5.06,	0.78,	yrp_rate	,-0.12,	0.61,	0.37,	20000,	0.61,	00,	0,	00
16:20:33.477 -> 232588,	yrp,	-19.88,	5.06,	0.78,	yrp_rate	,-0.18,	0.67,	0.43,	20000,	0.67,	00,	0,	00
16:20:33.477 -> 232603,	yrp,	-19.88,	5.06,	0.78,	yrp_rate	,-0.18,	0.61,	0.43,	20000,	0.61,	00,	0,	00
16:20:33.511 -> 232617,	yrp,	-19.88,	5.06,	0.79,	yrp_rate	,-0.18,	0.73,	0.37,	20000,	0.73,	00,	0,	00
16:20:33.511 -> 232633,	yrp,	-19.88,	5.06,	0.79,	yrp_rate	,-0.18,	0.67,	0.43,	20000,	0.67,	00,	0,	00
16:20:33.545 -> 232647,	yrp,	-19.88,	5.06,	0.79,	yrp_rate	,-0.24,	0.61,	0.37,	20000,	0.61,	00,	0,	00
16:20:33.545 -> 232663,	yrp,	-19.88,	5.06,	0.79,	yrp_rate	,-0.12,	0.67,	0.37,	20000,	0.67,	00,	0,	00
16:20:33.545 -> 232678,	yrp,	-19.88,	5.06,	0.79,	yrp_rate	,-0.12,	0.67,	0.37,	20000,	0.67,	00,	0,	00
16:20:33.580 -> 232692,	yrp,	-19.88,	5.06,	0.79,	yrp_rate	,-0.18,	0.67,	0.43,	20000,	0.67,	00,	0,	00
16:20:33.580 -> 232708,	yrp,	-19.88,	5.06,	0.79,	yrp_rate	,-0.18,	0.67,	0.37,	20000,	0.67,	00,	0,	00
16:20:33.614 -> 232723,	yrp,	-19.88,	5.06,	0.79,	yrp_rate	,-0.18,	0.61,	0.43,	20000,	0.61,	00,	0,	00
16:20:33.614 -> 232737,	yrp,	-19.88,	5.05,	0.79,	yrp_rate	,-0.06,	0.55,	0.49,	20000,	0.55,	00,	0,	00
16:20:33.647 -> 232753,	yrp,	-19.88,	5.05,	0.79,	yrp_rate	,0.18,	0.49,	0.61,	20000,	0.49,	00,	0,	00
16:20:33.647 -> 232767,	yrp,	-19.88,	5.06,	0.79,	yrp_rate	,-0.12,	0.49,	0.49,	20000,	0.49,	00,	0,	00
16:20:33.681 -> 232782,	yrp,	-19.88,	5.06,	0.79,	yrp_rate	,-0.18,	0.79,	0.49,	20000,	0.79,	00,	0,	00
16:20:33.681 -> 232798,	yrp,	-19.88,	5.06,	0.79,	yrp_rate	,-0.18,	0.98,	0.37,	20000,	0.98,	00,	0,	00
16:20:33.681 -> 232812,	yrp,	-19.88,	5.05,	0.79,	yrp_rate	,-0.67,	1.10,	0.61,	20000,	1.10,	00,	0,	00
16:20:33.715 -> 232827,	yrp,	-19.88,	5.04,	0.78,	yrp_rate	,-1.34,	1.10,	0.67,	20000,	1.10,	00,	0,	00
16:20:33.715 -> 232843,	yrp,	-19.88,	5.04,	0.76,	yrp_rate	,0.85,	0.61,	0.00,	20000,	0.61,	00,	0,	00
16:20:33.749 -> 232857,	yrp,	-19.88,	5.04,	0.78,	yrp_rate	,1.95,	0.61,	-0.49,	20000,	0.61,	00,	0,	00
16:20:33.749 -> 232872,	yrp,	-19.87,	5.04,	0.80,	yrp_rate	,3.23,	0.61,	-0.67,	20000,	0.61,	00,	0,	00
16:20:33.783 -> 232887,	yrp,	-19.86,	5.04,	0.86,	yrp_rate	,4.03,	1.16,	0.24,	20000,	1.16,	00,	0,	00
16:20:33.783 -> 232902,	yrp,	-19.87,	5.03,	0.93,	yrp_rate	,1.34,	1.16,	0.49,	20000,	1.16,	00,	0,	00
16:20:33.817 -> 232918,	yrp,	-19.86,	5.02,	0.94,	yrp_rate	,-5.07,	0.79,	0.00,	20000,	0.79,	00,	0,	00
16:20:33.817 -> 232932,	yrp,	-19.85,	5.02,	0.87,	yrp_rate	,-3.05,	1.10,	0.31,	20000,	1.10,	00,	0,	00
16:20:33.817 -> 232947,	yrp,	-19.85,	5.02,	0.84,	yrp_rate	,-0.18,	0.92,	0.92,	20000,	0.92,	00,	0,	00
16:20:33.850 -> 232963,	yrp,	-19.86,	5.01,	0.84,	yrp_rate	,2.50,	1.16,	0.85,	20000,	1.16,	00,	0,	00
16:20:33.850 -> 232977,	yrp,	-19.88,	5.00,	0.88,	yrp_rate	,7.14,	2.20,	1.22,	20000,	2.20,	00,	0,	00
16:20:33.883 -> 232992,	yrp,	-19.89,	4.98,	1.00,	yrp_rate	,10.99,	3.42,	1.28,	20000,	3.42,	00,	0,	00
16:20:33.883 -> 233007,	yrp,	-19.93,	4.95,	1.17,	yrp_rate	,14.65,	5.80,	1.53,	18131,	5.80,	00,	0,	00
16:20:33.919 -> 233022,	yrp,	-19.98,	4.84,	1.37,	yrp_rate	,12.51,	23.44,	9.64,	18131,	23.44,	00,	0,	00
16:20:33.919 -> 233037,	yrp,	-20.20,	4.41,	1.50,	yrp_rate	,8.12,	47.42,	21.12,	18131,	47.42,	00,	0,	00
16:20:33.954 -> 233052,	yrp,	-20.51,	3.72,	1.60,	yrp_rate	,11.78,	53.22,	19.96,	18131,	53.22,	00,	0,	00
16:20:33.954 -> 233067,	yrp,	-20.78,	2.95,	1.77,	yrp_rate	,14.16,	54.20,	15.81,	18131,	54.20,	00,	0,	00
16:20:33.954 -> 233081,	yrp,	-20.99,	2.16,	1.98,	yrp_rate	,13.31,	55.48,	12.39,	18131,	55.48,	00,	0,	00
16:20:33.987 -> 233097,	yrp,	-21.16,	1.34,	2.18,	yrp_rate	,10.13,	59.27,	10.25,	22815,	59.27,	00,	0,	00
16:20:33.987 -> 233112,	yrp,	-21.29,	0.45,	2.34,	yrp_rate	,7.20,	63.48,	7.26,	22815,	63.48,	00,	0,	00
16:20:34.021 -> 233126,	yrp,	-21.38,	-0.50,	2.47,	yrp_rate	,4.82,	69.34,	3.42,	22815,	69.34,	00,	0,	00
16:20:34.021 -> 233142,	yrp,	-21.41,	-1.57,	2.56,	yrp_rate	,2.87,	74.46,	-0.67,	22815,	74.46,	00,	0,	00
16:20:34.055 -> 233157,	yrp,	-21.40,	-2.71,	2.62,	yrp_rate	,-0.61,	76.29,	-2.69,	22815,	76.29,	00,	0,	00
16:20:34.055 -> 233171,	yrp,	-21.40,	-3.87,	2.60,	yrp_rate	,-6.53,	77.45,	-2.75,	22815,	77.45,	00,	0,	00
16:20:34.055 -> 233187,	yrp,	-21.37,	-5.05,	2.50,	yrp_rate	,-9.58,	79.22,	-7.63,	22815,	79.22,	00,	0,	00
16:20:34.089 -> 233201,	yrp,	-21.29,	-6.28,	2.36,	yrp_rate	,-10.68,	84.17,	-11.72,	22815,	84.17,	00,	0,	00
16:20:34.089 -> 233217,	yrp,	-21.18,	-7.58,	2.21,	yrp_rate	,-9.58,	85.57,	-12.70,	22815,	85.57,	00,	0,	00
16:20:34.123 -> 233232,	yrp,	-21.06,	-8.93,	1.99,	yrp_rate	,-21.48,	88.50,	-15.32,	18131,	88.50,	00,	0,	00
16:20:34.123 -> 233246,	yrp,	-20.98,	-10.40,	1.48,	yrp_rate	,-39.98,	95.76,	-14.65,	18131,	95.76,	00,	0,	00
16:20:34.156 -> 233262,	yrp,	-20.96,	-11.90,	0.81,	yrp_rate	,-41.44,	92.10,	-19.04,	20000,	92.10,	00,	0,	00
16:20:34.156 -> 233277,	yrp,	-20.85,	-13.33,	0.15,	yrp_rate	,-33.33,	85.39,	-25.09,	20000,	85.39,	00,	0,	00
16:20:34.189 -> 233291,	yrp,	-20.69,	-14.70,	-0.39,	yrp_rate	,-28.44,	83.68,	-19.53,	20000,	83.68,	00,	0,	00
16:20:34.189 -> 233307,	yrp,	-20.68,	-16.08,	-0.84,	yrp_rate	,-28.20,	83.86,	-7.14,	20000,	83.86,	00,	0,	00
16:20:34.189 -> 233321,	yrp,	-20.85,	-17.38,	-1.25,	yrp_rate	,-25.33,	74.28,	-0.37,	18131,	74.28,	00,	0,	00
16:20:34.223 -> 233336,	yrp,	-21.04,	-18.49,	-1.59,	yrp_rate	,-16.91,	56.15,	-2.87,	18131,	56.15,	00,	0,	00
16:20:34.223 -> 233352,	yrp,	-21.13,	-19.28,	-1.83,	yrp_rate	,-9.58,	32.41,	-5.49,	18131,	32.41,	00,	0,	00
16:20:34.256 -> 233366,	yrp,	-21.13,	-19.73,	-1.96,	yrp_rate	,-7.26,	7.39,	-3.60,	18131,	7.39,	00,	0,	00
16:20:34.256 -> 233381,	yrp,	-21.14,	-19.81,	-2.06,	yrp_rate	,-6.65,	-21.18,	2.26,	22815,	21.18,	00,	0,	00
16:20:34.291 -> 233397,	yrp,	-21.19,	-19.41,	-2.08,	yrp_rate	,-5.19,	-58.11,	7.63,	22815,	58.11,	00,	0,	00
16:20:34.291 -> 233411,	yrp,	-21.22,	-18.39,	-2.08,	yrp_rate	,-0.98,	-95.46,	9.70,	22815,	95.46,	00,	0,	00
16:20:34.326 -> 233426,	yrp,	-21.20,	-16.90,	-1.97,	yrp_rate	,12.94,	-111.94,	8.67,	18131,	111.94,	00,	0,	00
16:20:34.326 -> 233441,	yrp,	-21.11,	-15.36,	-1.63,	yrp_rate	,27.53,	-105.10,	8.61,	18131,	105.10,	00,	0,	00
16:20:34.326 -> 233456,	yrp,	-21.03,	-13.88,	-1.14,	yrp_rate	,30.15,	-107.12,	9.22,	18131,	107.12,	00,	0,	00
16:20:34.359 -> 233472,	yrp,	-20.94,	-12.19,	-0.71,	yrp_rate	,20.63,	-133.79,	8.12,	20000,	133.79,	00,	0,	00
16:20:34.359 -> 233486,	yrp,	-20.86,	-9.91,	-0.50,	yrp_rate	,5.07,	-177.37,	4.03,	20000,	177.37,	00,	0,	00
16:20:34.394 -> 233501,	yrp,	-20.75,	-7.06,	-0.49,	yrp_rate	,-3.42,	-194.46,	1.34,	20000,	194.46,	00,	0,	00
16:20:34.394 -> 233517,	yrp,	-20.68,	-4.30,	-0.55,	yrp_rate	,-1.89,	-171.26,	1.28,	20000,	171.26,	00,	0,	00
16:20:34.428 -> 233531,	yrp,	-20.68,	-2.00,	-0.53,	yrp_rate	,0.85,	-137.02,	4.46,	20000,	137.02,	00,	0,	00
16:20:34.428 -> 233546,	yrp,	-20.72,	-0.13,	-0.49,	yrp_rate	,0.43,	-118.04,	1.89,	20000,	118.04,	00,	0,	00
16:20:34.463 -> 233561,	yrp,	-20.71,	1.66,	-0.54,	yrp_rate	,-8.48,	-122.99,	-5.74,	20000,	122.99,	00,	0,	00
16:20:34.463 -> 233576,	yrp,	-20.61,	3.73,	-0.78,	yrp_rate	,-22.34,	-146.55,	-11.29,	20000,	146.55,	00,	0,	00
16:20:34.463 -> 233591,	yrp,	-20.50,	6.13,	-1.15,	yrp_rate	,-27.47,	-157.53,	-4.82,	18131,	157.53,	00,	0,	00
16:20:34.496 -> 233606,	yrp,	-20.53,	8.42,	-1.50,	yrp_rate	,-19.84,	-132.14,	5.68,	18131,	132.14,	00,	0,	00
16:20:34.496 -> 233621,	yrp,	-20.72,	10.23,	-1.73,	yrp_rate	,-7.32,	-98.27,	13.18,	18131,	98.27,	00,	0,	00
16:20:34.530 -> 233636,	yrp,	-21.00,	11.53,	-1.80,	yrp_rate	,8.42,	-64.21,	11.23,	18131,	64.21,	00,	0,	00
16:20:34.530 -> 233651,	yrp,	-21.24,	12.36,	-1.66,	yrp_rate	,19.71,	-35.10,	5.25,	18131,	35.10,	00,	0,	00
16:20:34.564 -> 233666,	yrp,	-21.38,	12.80,	-1.39,	yrp_rate	,23.99,	-10.44,	-0.31,	18131,	10.44,	00,	0,	00
16:20:34.564 -> 233680,	yrp,	-21.43,	12.90,	-1.07,	yrp_rate	,22.16,	11.72,	-3.42,	18131,	11.72,	00,	0,	00
16:20:34.598 -> 233696,	yrp,	-21.40,	12.65,	-0.79,	yrp_rate	,16.60,	38.51,	-6.41,	20000,	38.51,	00,	0,	00
16:20:34.598 -> 233711,	yrp,	-21.27,	11.88,	-0.58,	yrp_rate	,11.47,	77.94,	-7.75,	20000,	77.94,	00,	0,	00
16:20:34.598 -> 233725,	yrp,	-21.10,	10.48,	-0.43,	yrp_rate	,9.09,	121.95,	-4.94,	20000,	121.95,	00,	0,	00
16:20:34.633 -> 233741,	yrp,	-20.94,	8.43,	-0.30,	yrp_rate	,5.43,	161.99,	-2.99,	20000,	161.99,	00,	0,	00
16:20:34.633 -> 233756,	yrp,	-20.75,	5.91,	-0.34,	yrp_rate	,-7.45,	178.71,	-12.88,	20000,	178.71,	00,	0,	00
16:20:34.667 -> 233771,	yrp,	-20.40,	3.31,	-0.63,	yrp_rate	,-23.44,	172.42,	-26.61,	20000,	172.42,	00,	0,	00
16:20:34.667 -> 233786,	yrp,	-19.92,	0.85,	-1.07,	yrp_rate	,-28.32,	163.70,	-28.14,	18131,	163.70,	00,	0,	00
16:20:34.700 -> 233800,	yrp,	-19.52,	-1.64,	-1.45,	yrp_rate	,-18.37,	177.12,	-19.29,	18131,	177.12,	00,	0,	00
16:20:34.700 -> 233816,	yrp,	-19.33,	-4.53,	-1.61,	yrp_rate	,-3.11,	213.13,	-9.46,	18131,	213.13,	00,	0,	00
16:20:34.700 -> 233831,	yrp,	-19.33,	-7.96,	-1.61,	yrp_rate	,0.49,	241.70,	-1.89,	18131,	241.70,	00,	0,	00
16:20:34.734 -> 233845,	yrp,	-19.54,	-11.56,	-1.69,	yrp_rate	,-16.66,	228.33,	8.97,	18131,	228.33,	00,	0,	00
16:20:34.734 -> 233861,	yrp,	-19.98,	-14.69,	-2.05,	yrp_rate	,-33.08,	181.46,	9.28,	22815,	181.46,	00,	0,	00
16:20:34.769 -> 233876,	yrp,	-20.34,	-17.07,	-2.62,	yrp_rate	,-31.37,	134.77,	-12.63,	22815,	134.77,	00,	0,	00
16:20:34.769 -> 233890,	yrp,	-20.36,	-18.91,	-3.20,	yrp_rate	,-25.51,	108.95,	-23.56,	20946,	108.95,	00,	0,	00
16:20:34.802 -> 233906,	yrp,	-20.31,	-20.58,	-3.63,	yrp_rate	,-17.82,	110.72,	-17.15,	20946,	110.72,	00,	0,	00
16:20:34.802 -> 233920,	yrp,	-20.44,	-22.46,	-3.85,	yrp_rate	,-10.74,	128.11,	-0.49,	20946,	128.11,	00,	0,	00
16:20:34.802 -> 233935,	yrp,	-20.86,	-24.55,	-3.91,	yrp_rate	,-9.46,	128.11,	14.77,	20946,	128.11,	00,	0,	00
16:20:34.836 -> 233951,	yrp,	-21.43,	-26.41,	-3.90,	yrp_rate	,-7.26,	98.45,	17.82,	20946,	98.45,	00,	0,	00
16:20:34.836 -> 233965,	yrp,	-21.92,	-27.68,	-3.87,	yrp_rate	,-3.54,	50.84,	12.88,	20946,	50.84,	00,	0,	00
16:20:34.869 -> 233980,	yrp,	-22.20,	-28.19,	-3.84,	yrp_rate	,-5.92,	-7.26,	9.16,	20946,	7.26,	00,	0,	00
16:20:34.869 -> 233996,	yrp,	-22.31,	-27.84,	-3.87,	yrp_rate	,-8.91,	-57.68,	5.49,	20946,	57.68,	00,	0,	00
16:20:34.902 -> 234010,	yrp,	-22.27,	-26.92,	-3.94,	yrp_rate	,-6.23,	-80.44,	3.05,	20946,	80.44,	00,	0,	00
16:20:34.902 -> 234025,	yrp,	-22.17,	-25.82,	-3.95,	yrp_rate	,-2.01,	-85.08,	5.43,	20946,	85.08,	00,	0,	00
16:20:34.936 -> 234040,	yrp,	-22.11,	-24.63,	-3.87,	yrp_rate	,-1.95,	-99.12,	11.72,	20946,	99.12,	00,	0,	00
16:20:34.936 -> 234055,	yrp,	-22.08,	-23.01,	-3.79,	yrp_rate	,-3.85,	-138.92,	13.79,	20946,	138.92,	00,	0,	00
16:20:34.970 -> 234071,	yrp,	-21.97,	-20.68,	-3.75,	yrp_rate	,1.77,	-186.04,	6.77,	20946,	186.04,	00,	0,	00
16:20:34.970 -> 234085,	yrp,	-21.67,	-17.75,	-3.62,	yrp_rate	,16.78,	-204.65,	-0.98,	20946,	204.65,	00,	0,	00
16:20:35.005 -> 234100,	yrp,	-21.30,	-14.86,	-3.27,	yrp_rate	,34.79,	-185.97,	-1.95,	20946,	185.97,	00,	0,	00
16:20:35.005 -> 234116,	yrp,	-21.01,	-12.38,	-2.65,	yrp_rate	,46.63,	-153.38,	8.24,	22815,	153.38,	00,	0,	00
16:20:35.005 -> 234130,	yrp,	-20.97,	-10.36,	-1.84,	yrp_rate	,48.77,	-127.14,	22.40,	18131,	127.14,	00,	0,	00
16:20:35.039 -> 234145,	yrp,	-21.15,	-8.53,	-1.07,	yrp_rate	,38.76,	-127.26,	27.22,	18131,	127.26,	00,	0,	00
16:20:35.039 -> 234160,	yrp,	-21.39,	-6.44,	-0.61,	yrp_rate	,7.02,	-155.94,	18.92,	20000,	155.94,	00,	0,	00
16:20:35.074 -> 234175,	yrp,	-21.50,	-3.77,	-0.81,	yrp_rate	,-36.01,	-195.50,	1.04,	20000,	195.50,	00,	0,	00
16:20:35.074 -> 234190,	yrp,	-21.40,	-0.60,	-1.61,	yrp_rate	,-63.96,	-212.28,	-14.95,	18131,	212.28,	00,	0,	00
16:20:35.074 -> 234205,	yrp,	-21.16,	2.49,	-2.59,	yrp_rate	,-58.90,	-182.13,	-14.59,	22815,	182.13,	00,	0,	00
16:20:35.107 -> 234220,	yrp,	-21.03,	4.81,	-3.25,	yrp_rate	,-30.64,	-118.10,	4.21,	20946,	118.10,	00,	0,	00
16:20:35.107 -> 234235,	yrp,	-21.21,	6.19,	-3.46,	yrp_rate	,4.21,	-67.02,	16.54,	20946,	67.02,	00,	0,	00
16:20:35.141 -> 234250,	yrp,	-21.52,	7.07,	-3.28,	yrp_rate	,21.55,	-50.78,	13.92,	20946,	50.78,	00,	0,	00
16:20:35.141 -> 234265,	yrp,	-21.74,	7.96,	-3.04,	yrp_rate	,15.32,	-61.83,	1.04,	20946,	61.83,	00,	0,	00
16:20:35.174 -> 234279,	yrp,	-21.78,	9.14,	-2.95,	yrp_rate	,-5.92,	-82.34,	-6.90,	22815,	82.34,	00,	0,	00
16:20:35.174 -> 234295,	yrp,	-21.71,	10.58,	-3.16,	yrp_rate	,-23.13,	-91.92,	-8.54,	20946,	91.92,	00,	0,	00
16:20:35.207 -> 234310,	yrp,	-21.65,	11.97,	-3.49,	yrp_rate	,-22.40,	-76.42,	0.79,	20946,	76.42,	00,	0,	00
16:20:35.207 -> 234324,	yrp,	-21.75,	12.98,	-3.71,	yrp_rate	,-2.87,	-47.00,	11.66,	20946,	47.00,	00,	0,	00
16:20:35.242 -> 234340,	yrp,	-22.00,	13.51,	-3.65,	yrp_rate	,17.40,	-18.13,	12.15,	20946,	18.13,	00,	0,	00
16:20:35.242 -> 234355,	yrp,	-22.22,	13.72,	-3.39,	yrp_rate	,27.47,	-3.85,	1.77,	20946,	3.85,	00,	0,	00
16:20:35.242 -> 234370,	yrp,	-22.30,	13.88,	-3.00,	yrp_rate	,28.99,	-8.42,	-8.97,	20946,	8.42,	00,	0,	00
16:20:35.276 -> 234385,	yrp,	-22.26,	14.19,	-2.60,	yrp_rate	,23.56,	-19.47,	-10.38,	22815,	19.47,	00,	0,	00
16:20:35.276 -> 234399,	yrp,	-22.24,	14.61,	-2.26,	yrp_rate	,16.60,	-22.09,	-3.48,	22815,	22.09,	00,	0,	00
16:20:35.310 -> 234415,	yrp,	-22.31,	14.95,	-2.05,	yrp_rate	,10.93,	-9.95,	4.27,	22815,	9.95,	00,	0,	00
16:20:35.310 -> 234430,	yrp,	-22.42,	14.99,	-1.95,	yrp_rate	,5.55,	17.64,	5.07,	18131,	17.64,	00,	0,	00
16:20:35.343 -> 234444,	yrp,	-22.44,	14.60,	-1.97,	yrp_rate	,-1.77,	45.59,	-1.04,	18131,	45.59,	00,	0,	00
16:20:35.343 -> 234460,	yrp,	-22.29,	13.87,	-2.08,	yrp_rate	,-9.16,	61.16,	-9.09,	22815,	61.16,	00,	0,	00
16:20:35.343 -> 234475,	yrp,	-22.02,	13.03,	-2.27,	yrp_rate	,-16.24,	62.01,	-11.11,	22815,	62.01,	00,	0,	00
16:20:35.377 -> 234489,	yrp,	-21.73,	12.21,	-2.52,	yrp_rate	,-21.30,	58.96,	-8.48,	22815,	58.96,	00,	0,	00
16:20:35.377 -> 234505,	yrp,	-21.49,	11.32,	-2.84,	yrp_rate	,-22.34,	75.38,	-1.22,	22815,	75.38,	00,	0,	00
16:20:35.411 -> 234519,	yrp,	-21.36,	9.97,	-3.11,	yrp_rate	,-11.11,	114.93,	6.23,	20946,	114.93,	00,	0,	00
16:20:35.411 -> 234534,	yrp,	-21.34,	7.96,	-3.19,	yrp_rate	,1.46,	155.88,	9.40,	20946,	155.88,	00,	0,	00
16:20:35.444 -> 234550,	yrp,	-21.36,	5.42,	-3.16,	yrp_rate	,5.37,	181.52,	7.20,	20946,	181.52,	00,	0,	00
16:20:35.444 -> 234564,	yrp,	-21.35,	2.68,	-3.12,	yrp_rate	,0.85,	182.92,	-0.37,	20946,	182.92,	00,	0,	00
16:20:35.477 -> 234579,	yrp,	-21.24,	0.06,	-3.20,	yrp_rate	,-5.86,	168.95,	-11.11,	20946,	168.95,	00,	0,	00
16:20:35.477 -> 234595,	yrp,	-21.02,	-2.37,	-3.38,	yrp_rate	,-11.96,	161.74,	-18.80,	20946,	161.74,	00,	0,	00
16:20:35.511 -> 234609,	yrp,	-20.77,	-4.83,	-3.63,	yrp_rate	,-16.48,	174.07,	-17.70,	20946,	174.07,	00,	0,	00
16:20:35.511 -> 234625,	yrp,	-20.63,	-7.59,	-3.92,	yrp_rate	,-19.17,	196.96,	-8.97,	20946,	196.96,	00,	0,	00
16:20:35.511 -> 234639,	yrp,	-20.75,	-10.71,	-4.22,	yrp_rate	,-25.94,	218.87,	9.58,	19078,	218.87,	00,	0,	00
16:20:35.544 -> 234654,	yrp,	-21.29,	-14.08,	-4.59,	yrp_rate	,-36.01,	219.24,	31.25,	19078,	219.24,	00,	0,	00
16:20:35.544 -> 234670,	yrp,	-22.18,	-17.25,	-4.97,	yrp_rate	,-28.69,	191.04,	33.69,	19078,	191.04,	00,	0,	00
16:20:35.579 -> 234684,	yrp,	-22.91,	-19.87,	-5.17,	yrp_rate	,-1.71,	154.79,	6.96,	17209,	154.79,	00,	0,	00
16:20:35.579 -> 234699,	yrp,	-23.10,	-22.02,	-5.14,	yrp_rate	,20.39,	129.52,	-18.68,	17209,	129.52,	00,	0,	00
16:20:35.614 -> 234715,	yrp,	-22.94,	-23.97,	-4.94,	yrp_rate	,25.15,	130.74,	-20.75,	19078,	130.74,	00,	0,	00
16:20:35.614 -> 234729,	yrp,	-22.91,	-26.14,	-4.69,	yrp_rate	,15.63,	147.28,	-6.71,	19078,	147.28,	00,	0,	00
16:20:35.614 -> 234744,	yrp,	-23.25,	-28.50,	-4.51,	yrp_rate	,4.21,	148.62,	12.88,	19078,	148.62,	00,	0,	00
16:20:35.647 -> 234759,	yrp,	-23.97,	-30.72,	-4.33,	yrp_rate	,-3.48,	126.65,	26.98,	19078,	126.65,	00,	0,	00
16:20:35.647 -> 234774,	yrp,	-24.75,	-32.49,	-4.19,	yrp_rate	,0.24,	92.96,	20.26,	19078,	92.96,	00,	0,	00
16:20:35.680 -> 234789,	yrp,	-25.23,	-33.78,	-4.01,	yrp_rate	,16.66,	61.16,	6.47,	19078,	61.16,	00,	0,	00
16:20:35.680 -> 234804,	yrp,	-25.34,	-34.62,	-3.66,	yrp_rate	,30.03,	33.75,	3.11,	20946,	33.75,	00,	0,	00
16:20:35.714 -> 234819,	yrp,	-25.29,	-35.13,	-3.15,	yrp_rate	,33.20,	15.75,	9.70,	20946,	15.75,	00,	0,	00
16:20:35.714 -> 234834,	yrp,	-25.30,	-35.44,	-2.60,	yrp_rate	,26.61,	3.05,	16.05,	22815,	3.05,	00,	0,	00
16:20:35.749 -> 234849,	yrp,	-25.38,	-35.51,	-2.18,	yrp_rate	,10.31,	-17.58,	17.64,	22815,	17.58,	00,	0,	00
16:20:35.749 -> 234864,	yrp,	-25.50,	-35.17,	-1.98,	yrp_rate	,-6.90,	-52.19,	14.83,	18131,	52.19,	00,	0,	00
16:20:35.749 -> 234878,	yrp,	-25.54,	-34.21,	-2.02,	yrp_rate	,-19.78,	-100.10,	9.46,	22815,	100.10,	00,	0,	00
16:20:35.783 -> 234894,	yrp,	-25.32,	-32.41,	-2.25,	yrp_rate	,-15.44,	-152.53,	-5.55,	22815,	152.53,	00,	0,	00
16:20:35.783 -> 234909,	yrp,	-24.68,	-30.04,	-2.45,	yrp_rate	,9.40,	-159.79,	-17.09,	22815,	159.79,	00,	0,	00
16:20:35.816 -> 234924,	yrp,	-23.91,	-27.94,	-2.27,	yrp_rate	,30.46,	-130.98,	-10.25,	22815,	130.98,	00,	0,	00
16:20:35.816 -> 234939,	yrp,	-23.35,	-26.22,	-1.79,	yrp_rate	,29.17,	-119.63,	9.28,	18131,	119.63,	00,	0,	00
16:20:35.851 -> 234954,	yrp,	-23.13,	-24.38,	-1.34,	yrp_rate	,8.73,	-146.67,	23.80,	18131,	146.67,	00,	0,	00
16:20:35.851 -> 234969,	yrp,	-23.11,	-21.84,	-1.24,	yrp_rate	,-20.32,	-205.75,	23.07,	18131,	205.75,	00,	0,	00
16:20:35.884 -> 234984,	yrp,	-23.02,	-18.30,	-1.59,	yrp_rate	,-30.09,	-262.21,	2.32,	18131,	262.21,	00,	0,	00
16:20:35.884 -> 234998,	yrp,	-22.62,	-14.29,	-2.05,	yrp_rate	,-12.63,	-253.17,	-15.81,	22815,	253.17,	00,	0,	00
16:20:35.917 -> 235014,	yrp,	-22.16,	-10.97,	-2.12,	yrp_rate	,14.47,	-184.69,	-11.11,	22815,	184.69,	00,	0,	00
16:20:35.917 -> 235029,	yrp,	-21.89,	-8.72,	-1.72,	yrp_rate	,38.21,	-121.89,	4.03,	18131,	121.89,	00,	0,	00
16:20:35.917 -> 235043,	yrp,	-21.89,	-7.15,	-1.04,	yrp_rate	,39.92,	-96.80,	17.33,	18131,	96.80,	00,	0,	00
16:20:35.950 -> 235059,	yrp,	-22.07,	-5.64,	-0.55,	yrp_rate	,10.44,	-109.80,	19.41,	20000,	109.80,	00,	0,	00
16:20:35.950 -> 235074,	yrp,	-22.26,	-3.71,	-0.67,	yrp_rate	,-33.08,	-142.94,	9.03,	20000,	142.94,	00,	0,	00
16:20:35.984 -> 235088,	yrp,	-22.28,	-1.27,	-1.45,	yrp_rate	,-65.80,	-169.62,	-9.77,	18131,	169.62,	00,	0,	00
16:20:35.984 -> 235104,	yrp,	-22.06,	1.37,	-2.56,	yrp_rate	,-70.25,	-164.61,	-16.42,	22815,	164.61,	00,	0,	00
16:20:36.018 -> 235118,	yrp,	-21.85,	3.63,	-3.48,	yrp_rate	,-50.17,	-122.62,	-7.93,	20946,	122.62,	00,	0,	00
16:20:36.018 -> 235133,	yrp,	-21.78,	5.18,	-4.02,	yrp_rate	,-21.30,	-77.27,	0.31,	19078,	77.27,	00,	0,	00
16:20:36.052 -> 235149,	yrp,	-21.82,	6.13,	-4.16,	yrp_rate	,3.23,	-48.58,	2.01,	19078,	48.58,	00,	0,	00
16:20:36.052 -> 235163,	yrp,	-21.89,	6.85,	-4.02,	yrp_rate	,15.01,	-41.38,	0.06,	19078,	41.38,	00,	0,	00
16:20:36.052 -> 235179,	yrp,	-21.94,	7.60,	-3.78,	yrp_rate	,14.89,	-47.42,	0.67,	20946,	47.42,	00,	0,	00
16:20:36.085 -> 235194,	yrp,	-22.03,	8.39,	-3.56,	yrp_rate	,12.15,	-43.15,	2.50,	20946,	43.15,	00,	0,	00
16:20:36.085 -> 235208,	yrp,	-22.14,	8.96,	-3.34,	yrp_rate	,20.94,	-20.26,	5.62,	20946,	20.26,	00,	0,	00
16:20:36.119 -> 235224,	yrp,	-22.31,	9.05,	-2.95,	yrp_rate	,35.16,	19.17,	7.87,	22815,	19.17,	00,	0,	00
16:20:36.119 -> 235238,	yrp,	-22.44,	8.48,	-2.42,	yrp_rate	,39.00,	63.84,	-0.85,	22815,	63.84,	00,	0,	00
16:20:36.152 -> 235253,	yrp,	-22.38,	7.36,	-1.90,	yrp_rate	,34.48,	94.97,	-10.38,	18131,	94.97,	00,	0,	00
16:20:36.152 -> 235269,	yrp,	-22.18,	5.92,	-1.48,	yrp_rate	,21.55,	106.63,	-12.70,	18131,	106.63,	00,	0,	00
16:20:36.187 -> 235283,	yrp,	-21.97,	4.41,	-1.27,	yrp_rate	,4.27,	106.63,	-9.95,	18131,	106.63,	00,	0,	00
16:20:36.187 -> 235298,	yrp,	-21.79,	2.86,	-1.31,	yrp_rate	,-9.34,	111.94,	-6.71,	18131,	111.94,	00,	0,	00
16:20:36.187 -> 235313,	yrp,	-21.66,	1.10,	-1.49,	yrp_rate	,-14.40,	132.81,	-6.35,	18131,	132.81,	00,	0,	00
16:20:36.220 -> 235328,	yrp,	-21.55,	-1.13,	-1.70,	yrp_rate	,-9.64,	173.22,	-4.58,	18131,	173.22,	00,	0,	00
16:20:36.220 -> 235343,	yrp,	-21.57,	-4.08,	-1.79,	yrp_rate	,-4.88,	220.34,	10.50,	18131,	220.34,	00,	0,	00
16:20:36.254 -> 235358,	yrp,	-21.92,	-7.49,	-1.84,	yrp_rate	,-8.42,	227.60,	22.40,	18131,	227.60,	00,	0,	00
16:20:36.254 -> 235373,	yrp,	-22.39,	-10.65,	-2.00,	yrp_rate	,-10.19,	193.85,	10.44,	18131,	193.85,	00,	0,	00
16:20:36.288 -> 235388,	yrp,	-22.63,	-13.26,	-2.23,	yrp_rate	,-8.30,	162.84,	-9.46,	22815,	162.84,	00,	0,	00
16:20:36.288 -> 235403,	yrp,	-22.65,	-15.63,	-2.46,	yrp_rate	,-10.50,	160.71,	-19.23,	22815,	160.71,	00,	0,	00
16:20:36.288 -> 235418,	yrp,	-22.65,	-18.21,	-2.76,	yrp_rate	,-18.92,	182.80,	-20.08,	22815,	182.80,	00,	0,	00
16:20:36.321 -> 235432,	yrp,	-22.84,	-21.19,	-3.17,	yrp_rate	,-29.54,	204.96,	-11.11,	20946,	204.96,	00,	0,	00
16:20:36.321 -> 235448,	yrp,	-23.33,	-24.35,	-3.60,	yrp_rate	,-27.28,	203.06,	-0.85,	20946,	203.06,	00,	0,	00
16:20:36.356 -> 235463,	yrp,	-23.92,	-27.21,	-3.88,	yrp_rate	,-9.83,	167.36,	-3.97,	20946,	167.36,	00,	0,	00
16:20:36.356 -> 235478,	yrp,	-24.24,	-29.34,	-3.94,	yrp_rate	,7.51,	111.33,	-9.95,	20946,	111.33,	00,	0,	00
16:20:36.389 -> 235493,	yrp,	-24.29,	-30.76,	-3.83,	yrp_rate	,18.19,	73.06,	-10.19,	20946,	73.06,	00,	0,	00
16:20:36.389 -> 235508,	yrp,	-24.27,	-31.87,	-3.60,	yrp_rate	,20.81,	65.12,	-3.05,	20946,	65.12,	00,	0,	00
16:20:36.423 -> 235523,	yrp,	-24.41,	-32.98,	-3.28,	yrp_rate	,15.75,	62.87,	13.18,	20946,	62.87,	00,	0,	00
16:20:36.423 -> 235538,	yrp,	-24.82,	-33.95,	-2.93,	yrp_rate	,6.41,	46.20,	25.57,	22815,	46.20,	00,	0,	00
16:20:36.423 -> 235552,	yrp,	-25.33,	-34.59,	-2.66,	yrp_rate	,1.83,	18.74,	24.78,	22815,	18.74,	00,	0,	00
16:20:36.457 -> 235568,	yrp,	-25.69,	-34.73,	-2.42,	yrp_rate	,2.62,	-21.18,	17.88,	22815,	21.18,	00,	0,	00
16:20:36.457 -> 235583,	yrp,	-25.74,	-34.23,	-2.24,	yrp_rate	,5.37,	-62.74,	6.41,	22815,	62.74,	00,	0,	00
16:20:36.490 -> 235597,	yrp,	-25.44,	-33.16,	-2.12,	yrp_rate	,8.36,	-95.34,	-5.86,	22815,	95.34,	00,	0,	00
16:20:36.490 -> 235613,	yrp,	-24.89,	-31.67,	-2.07,	yrp_rate	,8.97,	-116.03,	-13.98,	22815,	116.03,	00,	0,	00
16:20:36.523 -> 235628,	yrp,	-24.23,	-29.91,	-2.09,	yrp_rate	,1.34,	-131.04,	-14.04,	22815,	131.04,	00,	0,	00
16:20:36.523 -> 235642,	yrp,	-23.66,	-27.94,	-2.21,	yrp_rate	,-10.01,	-143.07,	-9.52,	22815,	143.07,	00,	0,	00
16:20:36.558 -> 235658,	yrp,	-23.25,	-25.73,	-2.44,	yrp_rate	,-23.01,	-165.71,	-4.64,	22815,	165.71,	00,	0,	00
16:20:36.558 -> 235672,	yrp,	-22.89,	-23.06,	-2.82,	yrp_rate	,-31.98,	-199.40,	-7.63,	22815,	199.40,	00,	0,	00
16:20:36.558 -> 235687,	yrp,	-22.44,	-19.84,	-3.36,	yrp_rate	,-31.01,	-228.33,	-18.80,	20946,	228.33,	00,	0,	00
16:20:36.591 -> 235703,	yrp,	-21.85,	-16.34,	-3.89,	yrp_rate	,-21.12,	-226.56,	-25.82,	20946,	226.56,	00,	0,	00
16:20:36.591 -> 235717,	yrp,	-21.27,	-13.21,	-4.22,	yrp_rate	,-7.39,	-181.21,	-21.42,	19078,	181.21,	00,	0,	00
16:20:36.625 -> 235732,	yrp,	-20.87,	-10.85,	-4.30,	yrp_rate	,1.65,	-135.01,	-12.08,	19078,	135.01,	00,	0,	00
16:20:36.625 -> 235748,	yrp,	-20.63,	-8.99,	-4.29,	yrp_rate	,-2.01,	-118.96,	-5.31,	19078,	118.96,	00,	0,	00
16:20:36.660 -> 235762,	yrp,	-20.50,	-7.12,	-4.42,	yrp_rate	,-19.78,	-131.41,	-3.30,	19078,	131.41,	00,	0,	00
16:20:36.660 -> 235778,	yrp,	-20.40,	-4.86,	-4.89,	yrp_rate	,-45.04,	-165.28,	-6.16,	19078,	165.28,	00,	0,	00
16:20:36.694 -> 235792,	yrp,	-20.23,	-2.14,	-5.70,	yrp_rate	,-55.91,	-178.04,	-14.65,	17209,	178.04,	00,	0,	00
16:20:36.694 -> 235807,	yrp,	-19.98,	0.47,	-6.52,	yrp_rate	,-42.60,	-154.97,	-17.21,	21893,	154.97,	00,	0,	00
16:20:36.694 -> 235823,	yrp,	-19.80,	2.52,	-6.95,	yrp_rate	,-8.85,	-107.18,	-5.19,	21893,	107.18,	00,	0,	00
16:20:36.728 -> 235837,	yrp,	-19.85,	3.78,	-6.77,	yrp_rate	,35.95,	-59.81,	9.40,	21893,	59.81,	00,	0,	00
16:20:36.728 -> 235852,	yrp,	-20.13,	4.51,	-6.03,	yrp_rate	,60.12,	-39.73,	13.12,	21893,	39.73,	00,	0,	00
16:20:36.763 -> 235868,	yrp,	-20.40,	5.15,	-5.14,	yrp_rate	,61.77,	-43.15,	5.19,	17209,	43.15,	00,	0,	00
16:20:36.763 -> 235882,	yrp,	-20.57,	5.97,	-4.31,	yrp_rate	,48.71,	-55.66,	0.98,	19078,	55.66,	00,	0,	00
16:20:36.796 -> 235897,	yrp,	-20.70,	6.97,	-3.74,	yrp_rate	,28.87,	-63.48,	-0.55,	20946,	63.48,	00,	0,	00
16:20:36.796 -> 235912,	yrp,	-20.77,	7.97,	-3.45,	yrp_rate	,14.40,	-54.26,	-0.12,	20946,	54.26,	00,	0,	00
16:20:36.830 -> 235927,	yrp,	-20.84,	8.65,	-3.31,	yrp_rate	,12.94,	-22.64,	1.46,	20946,	22.64,	00,	0,	00
16:20:36.830 -> 235942,	yrp,	-20.91,	8.72,	-3.10,	yrp_rate	,23.74,	24.35,	4.82,	20946,	24.35,	00,	0,	00
16:20:36.830 -> 235957,	yrp,	-21.02,	8.04,	-2.69,	yrp_rate	,38.45,	74.58,	6.10,	22815,	74.58,	00,	0,	00
16:20:36.864 -> 235972,	yrp,	-21.11,	6.73,	-2.13,	yrp_rate	,38.45,	105.41,	1.95,	22815,	105.41,	00,	0,	00
16:20:36.864 -> 235987,	yrp,	-21.07,	5.15,	-1.69,	yrp_rate	,18.74,	111.63,	-8.18,	18131,	111.63,	00,	0,	00
16:20:36.898 -> 236002,	yrp,	-20.87,	3.55,	-1.60,	yrp_rate	,-6.53,	109.80,	-14.47,	18131,	109.80,	00,	0,	00
16:20:36.898 -> 236017,	yrp,	-20.60,	1.89,	-1.82,	yrp_rate	,-26.49,	121.09,	-13.73,	18131,	121.09,	00,	0,	00
16:20:36.933 -> 236032,	yrp,	-20.37,	-0.13,	-2.28,	yrp_rate	,-33.75,	156.68,	-11.90,	22815,	156.68,	00,	0,	00
16:20:36.933 -> 236047,	yrp,	-20.23,	-2.82,	-2.77,	yrp_rate	,-28.69,	209.96,	-5.80,	22815,	209.96,	00,	0,	00
16:20:36.933 -> 236062,	yrp,	-20.27,	-6.26,	-3.16,	yrp_rate	,-23.74,	252.08,	-0.49,	20946,	252.08,	00,	0,	00
16:20:36.969 -> 236077,	yrp,	-20.40,	-10.04,	-3.55,	yrp_rate	,-21.61,	251.53,	-10.01,	20946,	251.53,	00,	0,	00
16:20:36.969 -> 236092,	yrp,	-20.41,	-13.44,	-4.01,	yrp_rate	,-22.46,	205.81,	-24.48,	19078,	205.81,	00,	0,	00
16:20:37.002 -> 236107,	yrp,	-20.26,	-16.09,	-4.50,	yrp_rate	,-20.87,	160.89,	-33.45,	19078,	160.89,	00,	0,	00
16:20:37.002 -> 236122,	yrp,	-20.03,	-18.40,	-4.91,	yrp_rate	,-14.28,	160.71,	-28.93,	19078,	160.71,	00,	0,	00
16:20:37.037 -> 236137,	yrp,	-20.00,	-20.98,	-5.17,	yrp_rate	,-11.54,	188.05,	-14.59,	17209,	188.05,	00,	0,	00
16:20:37.037 -> 236151,	yrp,	-20.28,	-23.97,	-5.36,	yrp_rate	,-13.24,	206.91,	-1.22,	17209,	206.91,	00,	0,	00
16:20:37.037 -> 236167,	yrp,	-20.85,	-27.10,	-5.53,	yrp_rate	,-14.83,	195.80,	8.24,	17209,	195.80,	00,	0,	00
16:20:37.070 -> 236182,	yrp,	-21.55,	-29.81,	-5.64,	yrp_rate	,-11.60,	153.63,	10.86,	17209,	153.63,	00,	0,	00
16:20:37.070 -> 236196,	yrp,	-22.11,	-31.74,	-5.68,	yrp_rate	,-3.11,	92.35,	5.98,	17209,	92.35,	00,	0,	00
16:20:37.104 -> 236212,	yrp,	-22.39,	-32.80,	-5.61,	yrp_rate	,7.57,	37.35,	3.66,	17209,	37.35,	00,	0,	00
16:20:37.104 -> 236227,	yrp,	-22.45,	-33.21,	-5.40,	yrp_rate	,14.47,	6.96,	4.39,	17209,	6.96,	00,	0,	00
16:20:37.137 -> 236241,	yrp,	-22.46,	-33.35,	-5.12,	yrp_rate	,14.28,	-4.46,	8.73,	17209,	4.46,	00,	0,	00
16:20:37.137 -> 236257,	yrp,	-22.52,	-33.36,	-4.83,	yrp_rate	,9.22,	-17.88,	13.24,	19078,	17.88,	00,	0,	00
16:20:37.171 -> 236271,	yrp,	-22.60,	-33.06,	-4.58,	yrp_rate	,4.46,	-45.47,	16.17,	19078,	45.47,	00,	0,	00
16:20:37.171 -> 236286,	yrp,	-22.65,	-32.24,	-4.36,	yrp_rate	,1.40,	-86.85,	16.11,	19078,	86.85,	00,	0,	00
16:20:37.171 -> 236302,	yrp,	-22.51,	-30.70,	-4.23,	yrp_rate	,0.85,	-141.36,	5.07,	19078,	141.36,	00,	0,	00
16:20:37.204 -> 236316,	yrp,	-22.02,	-28.25,	-4.24,	yrp_rate	,4.76,	-192.26,	-11.47,	19078,	192.26,	00,	0,	00
16:20:37.204 -> 236332,	yrp,	-21.26,	-25.20,	-4.28,	yrp_rate	,8.97,	-212.71,	-17.46,	19078,	212.71,	00,	0,	00
16:20:37.238 -> 236347,	yrp,	-20.56,	-22.12,	-4.24,	yrp_rate	,8.42,	-201.72,	-10.19,	19078,	201.72,	00,	0,	00
16:20:37.238 -> 236361,	yrp,	-20.11,	-19.26,	-4.18,	yrp_rate	,-0.92,	-190.00,	1.46,	19078,	190.00,	00,	0,	00
16:20:37.272 -> 236377,	yrp,	-19.91,	-16.37,	-4.28,	yrp_rate	,-17.52,	-206.54,	6.59,	19078,	206.54,	00,	0,	00
16:20:37.272 -> 236391,	yrp,	-19.82,	-13.00,	-4.64,	yrp_rate	,-36.01,	-245.36,	6.10,	19078,	245.36,	00,	0,	00
16:20:37.307 -> 236406,	yrp,	-19.73,	-9.01,	-5.27,	yrp_rate	,-48.83,	-278.81,	-2.01,	17209,	278.81,	00,	0,	00
16:20:37.307 -> 236422,	yrp,	-19.57,	-4.72,	-6.06,	yrp_rate	,-40.28,	-274.96,	-9.77,	21893,	274.96,	00,	0,	00
16:20:37.307 -> 236436,	yrp,	-19.47,	-0.95,	-6.54,	yrp_rate	,-15.14,	-214.23,	4.52,	21893,	214.23,	00,	0,	00
16:20:37.341 -> 236451,	yrp,	-19.71,	1.73,	-6.53,	yrp_rate	,15.69,	-147.03,	26.43,	21893,	147.03,	00,	0,	00
16:20:37.341 -> 236467,	yrp,	-20.24,	3.61,	-6.14,	yrp_rate	,35.52,	-110.47,	32.53,	21893,	110.47,	00,	0,	00
16:20:37.375 -> 236481,	yrp,	-20.81,	5.18,	-5.62,	yrp_rate	,39.37,	-101.75,	25.21,	17209,	101.75,	00,	0,	00
16:20:37.375 -> 236496,	yrp,	-21.28,	6.79,	-5.12,	yrp_rate	,33.51,	-104.92,	16.42,	17209,	104.92,	00,	0,	00
16:20:37.408 -> 236511,	yrp,	-21.63,	8.41,	-4.71,	yrp_rate	,28.38,	-94.85,	8.54,	19078,	94.85,	00,	0,	00
16:20:37.408 -> 236526,	yrp,	-21.89,	9.66,	-4.33,	yrp_rate	,28.93,	-60.67,	6.77,	19078,	60.67,	00,	0,	00
16:20:37.442 -> 236541,	yrp,	-22.13,	10.37,	-3.87,	yrp_rate	,35.77,	-22.83,	9.52,	20946,	22.83,	00,	0,	00
16:20:37.442 -> 236556,	yrp,	-22.39,	10.47,	-3.29,	yrp_rate	,44.56,	18.19,	9.58,	20946,	18.19,	00,	0,	00
16:20:37.442 -> 236571,	yrp,	-22.61,	10.03,	-2.64,	yrp_rate	,43.09,	51.09,	5.98,	22815,	51.09,	00,	0,	00
16:20:37.475 -> 236587,	yrp,	-22.69,	9.23,	-2.11,	yrp_rate	,29.36,	73.12,	-4.09,	22815,	73.12,	00,	0,	00
16:20:37.475 -> 236601,	yrp,	-22.54,	8.12,	-1.83,	yrp_rate	,4.39,	91.25,	-13.61,	18131,	91.25,	00,	0,	00
16:20:37.509 -> 236616,	yrp,	-22.22,	6.67,	-1.92,	yrp_rate	,-19.96,	115.05,	-18.13,	18131,	115.05,	00,	0,	00
16:20:37.509 -> 236631,	yrp,	-21.83,	4.80,	-2.31,	yrp_rate	,-31.31,	144.96,	-18.55,	22815,	144.96,	00,	0,	00
16:20:37.543 -> 236646,	yrp,	-21.46,	2.39,	-2.73,	yrp_rate	,-22.52,	181.70,	-16.78,	22815,	181.70,	00,	0,	00
16:20:37.543 -> 236661,	yrp,	-21.17,	-0.65,	-2.90,	yrp_rate	,2.56,	230.22,	-14.10,	22815,	230.22,	00,	0,	00
16:20:37.576 -> 236676,	yrp,	-21.03,	-4.44,	-2.66,	yrp_rate	,27.59,	284.24,	-2.38,	22815,	284.24,	00,	0,	00
16:20:37.576 -> 236691,	yrp,	-21.19,	-8.85,	-2.09,	yrp_rate	,36.74,	304.93,	14.34,	22815,	304.93,	00,	0,	00
16:20:37.576 -> 236706,	yrp,	-21.62,	-13.21,	-1.53,	yrp_rate	,29.85,	278.32,	20.94,	18131,	278.32,	00,	0,	00
16:20:37.610 -> 236721,	yrp,	-22.21,	-17.04,	-1.14,	yrp_rate	,11.47,	235.11,	23.01,	18131,	235.11,	00,	0,	00
16:20:37.610 -> 236736,	yrp,	-22.85,	-20.25,	-1.05,	yrp_rate	,-3.66,	192.32,	11.23,	18131,	192.32,	00,	0,	00
16:20:37.644 -> 236750,	yrp,	-23.30,	-22.92,	-1.18,	yrp_rate	,-4.39,	161.74,	-8.91,	18131,	161.74,	00,	0,	00
16:20:37.644 -> 236766,	yrp,	-23.49,	-25.28,	-1.31,	yrp_rate	,2.08,	147.95,	-17.82,	18131,	147.95,	00,	0,	00
16:20:37.678 -> 236781,	yrp,	-23.60,	-27.47,	-1.30,	yrp_rate	,6.47,	130.25,	-11.84,	18131,	130.25,	00,	0,	00
16:20:37.678 -> 236795,	yrp,	-23.79,	-29.29,	-1.17,	yrp_rate	,5.07,	91.92,	-0.79,	18131,	91.92,	00,	0,	00
16:20:37.711 -> 236811,	yrp,	-24.03,	-30.39,	-1.05,	yrp_rate	,-2.99,	33.26,	5.07,	18131,	33.26,	00,	0,	00
16:20:37.711 -> 236826,	yrp,	-24.17,	-30.51,	-1.07,	yrp_rate	,-15.01,	-40.16,	3.54,	18131,	40.16,	00,	0,	00
16:20:37.711 -> 236840,	yrp,	-24.10,	-29.53,	-1.29,	yrp_rate	,-21.48,	-108.34,	-6.47,	18131,	108.34,	00,	0,	00
16:20:37.746 -> 236856,	yrp,	-23.70,	-27.65,	-1.63,	yrp_rate	,-15.69,	-156.01,	-18.07,	18131,	156.01,	00,	0,	00
16:20:37.746 -> 236870,	yrp,	-23.02,	-25.19,	-1.90,	yrp_rate	,3.17,	-174.13,	-22.95,	18131,	174.13,	00,	0,	00
16:20:37.781 -> 236886,	yrp,	-22.27,	-22.75,	-1.82,	yrp_rate	,26.73,	-151.61,	-14.95,	18131,	151.61,	00,	0,	00
16:20:37.781 -> 236901,	yrp,	-21.70,	-20.80,	-1.34,	yrp_rate	,42.18,	-118.47,	0.18,	18131,	118.47,	00,	0,	00
16:20:37.814 -> 236915,	yrp,	-21.38,	-19.23,	-0.69,	yrp_rate	,38.02,	-107.48,	11.54,	20000,	107.48,	00,	0,	00
16:20:37.814 -> 236931,	yrp,	-21.26,	-17.57,	-0.21,	yrp_rate	,13.24,	-126.95,	15.20,	20000,	126.95,	00,	0,	00
16:20:37.847 -> 236946,	yrp,	-21.21,	-15.43,	-0.19,	yrp_rate	,-15.75,	-164.37,	4.94,	20000,	164.37,	00,	0,	00
16:20:37.847 -> 236960,	yrp,	-21.01,	-12.77,	-0.60,	yrp_rate	,-21.85,	-179.81,	-17.03,	20000,	179.81,	00,	0,	00
16:20:37.847 -> 236976,	yrp,	-20.57,	-10.32,	-0.96,	yrp_rate	,-5.31,	-132.69,	-22.40,	20000,	132.69,	00,	0,	00
16:20:37.881 -> 236990,	yrp,	-20.24,	-8.88,	-0.91,	yrp_rate	,13.79,	-58.35,	-2.75,	20000,	58.35,	00,	0,	00
16:20:37.881 -> 237005,	yrp,	-20.24,	-8.40,	-0.53,	yrp_rate	,28.26,	-13.00,	13.85,	20000,	13.00,	00,	0,	00
16:20:37.914 -> 237021,	yrp,	-20.40,	-8.29,	-0.06,	yrp_rate	,29.97,	-9.70,	16.48,	20000,	9.70,	00,	0,	00
16:20:37.914 -> 237035,	yrp,	-20.57,	-7.88,	0.34,	yrp_rate	,14.83,	-41.44,	14.59,	20000,	41.44,	00,	0,	00
16:20:37.948 -> 237050,	yrp,	-20.68,	-6.93,	0.45,	yrp_rate	,-8.12,	-74.16,	3.42,	20000,	74.16,	00,	0,	00
16:20:37.948 -> 237066,	yrp,	-20.63,	-5.66,	0.17,	yrp_rate	,-27.89,	-84.59,	-11.66,	20000,	84.59,	00,	0,	00
16:20:37.982 -> 237080,	yrp,	-20.39,	-4.39,	-0.34,	yrp_rate	,-36.44,	-74.04,	-21.00,	20000,	74.04,	00,	0,	00
16:20:37.982 -> 237095,	yrp,	-20.08,	-3.47,	-0.88,	yrp_rate	,-33.33,	-41.14,	-16.97,	20000,	41.14,	00,	0,	00
16:20:37.982 -> 237110,	yrp,	-19.88,	-3.05,	-1.28,	yrp_rate	,-19.71,	-12.02,	-8.73,	18131,	12.02,	00,	0,	00
16:20:38.015 -> 237125,	yrp,	-19.78,	-2.89,	-1.43,	yrp_rate	,-0.79,	-5.07,	-3.36,	18131,	5.07,	00,	0,	00
16:20:38.015 -> 237140,	yrp,	-19.72,	-2.69,	-1.33,	yrp_rate	,12.82,	-14.89,	-3.05,	18131,	14.89,	00,	0,	00
16:20:38.049 -> 237155,	yrp,	-19.66,	-2.25,	-1.12,	yrp_rate	,13.18,	-32.59,	-2.93,	18131,	32.59,	00,	0,	00
16:20:38.049 -> 237170,	yrp,	-19.60,	-1.58,	-0.96,	yrp_rate	,5.19,	-46.08,	-3.54,	20000,	46.08,	00,	0,	00
16:20:38.083 -> 237186,	yrp,	-19.52,	-0.79,	-0.96,	yrp_rate	,-3.66,	-47.18,	-6.65,	20000,	47.18,	00,	0,	00
16:20:38.083 -> 237200,	yrp,	-19.41,	-0.08,	-1.06,	yrp_rate	,-2.99,	-36.19,	-5.62,	18131,	36.19,	00,	0,	00
16:20:38.083 -> 237215,	yrp,	-19.34,	0.37,	-1.06,	yrp_rate	,5.37,	-13.12,	-1.22,	18131,	13.12,	00,	0,	00
16:20:38.117 -> 237230,	yrp,	-19.33,	0.49,	-0.92,	yrp_rate	,12.70,	4.03,	0.61,	20000,	4.03,	00,	0,	00
16:20:38.117 -> 237245,	yrp,	-19.32,	0.48,	-0.69,	yrp_rate	,20.51,	6.10,	-3.05,	20000,	6.10,	00,	0,	00
16:20:38.150 -> 237260,	yrp,	-19.25,	0.58,	-0.36,	yrp_rate	,28.75,	-11.41,	-1.16,	20000,	11.41,	00,	0,	00
16:20:38.150 -> 237275,	yrp,	-19.26,	0.82,	0.00,	yrp_rate	,13.67,	2.62,	-1.40,	20000,	2.62,	00,	0,	00
16:20:38.183 -> 237290,	yrp,	-19.24,	0.80,	0.23,	yrp_rate	,8.36,	1.53,	0.92,	20000,	1.53,	00,	0,	00
16:20:38.183 -> 237305,	yrp,	-19.27,	0.83,	0.33,	yrp_rate	,-9.22,	-1.10,	1.04,	20000,	1.10,	00,	0,	00
16:20:38.217 -> 237320,	yrp,	-19.26,	0.90,	0.19,	yrp_rate	,-17.03,	0.31,	-1.16,	20000,	0.31,	00,	0,	00
16:20:38.217 -> 237335,	yrp,	-19.24,	0.93,	-0.02,	yrp_rate	,-2.01,	0.79,	0.85,	20000,	0.79,	00,	0,	00
16:20:38.250 -> 237349,	yrp,	-19.25,	0.97,	-0.05,	yrp_rate	,1.71,	0.49,	0.18,	20000,	0.49,	00,	0,	00
16:20:38.250 -> 237365,	yrp,	-19.25,	1.00,	-0.01,	yrp_rate	,1.83,	0.31,	0.31,	20000,	0.31,	00,	0,	00
16:20:38.284 -> 237380,	yrp,	-19.25,	1.05,	0.02,	yrp_rate	,0.24,	0.12,	0.43,	20000,	0.12,	00,	0,	00
16:20:38.284 -> 237394,	yrp,	-19.25,	1.08,	0.04,	yrp_rate	,0.79,	0.24,	0.31,	20000,	0.24,	00,	0,	00
16:20:38.284 -> 237410,	yrp,	-19.25,	1.12,	0.06,	yrp_rate	,-0.98,	0.18,	0.67,	20000,	0.18,	00,	0,	00
16:20:38.318 -> 237425,	yrp,	-19.25,	1.16,	0.05,	yrp_rate	,0.06,	0.18,	0.43,	20000,	0.18,	00,	0,	00
16:20:38.318 -> 237440,	yrp,	-19.25,	1.20,	0.06,	yrp_rate	,-0.73,	0.43,	0.43,	20000,	0.43,	00,	0,	00
16:20:38.351 -> 237455,	yrp,	-19.25,	1.24,	0.06,	yrp_rate	,-0.61,	0.73,	0.37,	20000,	0.73,	00,	0,	00
16:20:38.351 -> 237469,	yrp,	-19.25,	1.27,	0.05,	yrp_rate	,-0.12,	0.61,	0.31,	20000,	0.61,	00,	0,	00
16:20:38.385 -> 237485,	yrp,	-19.25,	1.30,	0.06,	yrp_rate	,-0.24,	0.73,	0.24,	20000,	0.73,	00,	0,	00
16:20:38.385 -> 237500,	yrp,	-19.25,	1.33,	0.07,	yrp_rate	,-0.18,	0.61,	0.31,	20000,	0.61,	00,	0,	00
16:20:38.419 -> 237514,	yrp,	-19.25,	1.37,	0.07,	yrp_rate	,-0.31,	0.61,	0.43,	20000,	0.61,	00,	0,	00
16:20:38.419 -> 237530,	yrp,	-19.25,	1.40,	0.08,	yrp_rate	,-0.12,	0.61,	0.43,	20000,	0.61,	00,	0,	00
16:20:38.419 -> 237545,	yrp,	-19.25,	1.43,	0.08,	yrp_rate	,-0.18,	0.67,	0.37,	20000,	0.67,	00,	0,	00
16:20:38.452 -> 237559,	yrp,	-19.25,	1.46,	0.09,	yrp_rate	,-0.12,	0.61,	0.43,	20000,	0.61,	00,	0,	00
16:20:38.452 -> 237575,	yrp,	-19.25,	1.49,	0.09,	yrp_rate	,-0.18,	0.67,	0.43,	20000,	0.67,	00,	0,	00
16:20:38.486 -> 237589,	yrp,	-19.25,	1.53,	0.10,	yrp_rate	,-0.24,	0.73,	0.43,	20000,	0.73,	00,	0,	00
16:20:38.486 -> 237604,	yrp,	-19.25,	1.55,	0.11,	yrp_rate	,-0.24,	0.61,	0.37,	20000,	0.61,	00,	0,	00
16:20:38.519 -> 237620,	yrp,	-19.25,	1.59,	0.11,	yrp_rate	,-0.18,	0.61,	0.43,	20000,	0.61,	00,	0,	00
16:20:38.519 -> 237634,	yrp,	-19.25,	1.62,	0.12,	yrp_rate	,-0.12,	0.61,	0.37,	20000,	0.61,	00,	0,	00
16:20:38.552 -> 237649,	yrp,	-19.25,	1.65,	0.13,	yrp_rate	,-0.12,	0.67,	0.37,	20000,	0.67,	00,	0,	00
16:20:38.552 -> 237665,	yrp,	-19.25,	1.67,	0.13,	yrp_rate	,-0.18,	0.67,	0.43,	20000,	0.67,	00,	0,	00
16:20:38.552 -> 237679,	yrp,	-19.25,	1.70,	0.14,	yrp_rate	,-0.12,	0.67,	0.37,	20000,	0.67,	00,	0,	00
16:20:38.586 -> 237694,	yrp,	-19.25,	1.73,	0.14,	yrp_rate	,-0.18,	0.61,	0.37,	20000,	0.61,	00,	0,	00
16:20:38.586 -> 237709,	yrp,	-19.25,	1.76,	0.14,	yrp_rate	,-0.12,	0.61,	0.37,	20000,	0.61,	00,	0,	00
16:20:38.620 -> 237724,	yrp,	-19.25,	1.79,	0.15,	yrp_rate	,-0.24,	0.67,	0.43,	20000,	0.67,	00,	0,	00
16:20:38.620 -> 237740,	yrp,	-19.26,	1.81,	0.15,	yrp_rate	,-0.18,	0.61,	0.43,	20000,	0.61,	00,	0,	00
16:20:38.654 -> 237754,	yrp,	-19.26,	1.84,	0.16,	yrp_rate	,-0.18,	0.61,	0.37,	20000,	0.61,	00,	0,	00
16:20:38.654 -> 237769,	yrp,	-19.26,	1.87,	0.16,	yrp_rate	,-0.18,	0.67,	0.37,	20000,	0.67,	00,	0,	00
16:20:38.654 -> 237785,	yrp,	-19.26,	1.90,	0.17,	yrp_rate	,-0.18,	0.67,	0.43,	20000,	0.67,	00,	0,	00
16:20:38.688 -> 237799,	yrp,	-19.26,	1.92,	0.18,	yrp_rate	,-0.24,	0.73,	0.43,	20000,	0.73,	00,	0,	00
16:20:38.688 -> 237814,	yrp,	-19.26,	1.95,	0.18,	yrp_rate	,-0.18,	0.67,	0.37,	20000,	0.67,	00,	0,	00
16:20:38.721 -> 237829,	yrp,	-19.26,	1.98,	0.18,	yrp_rate	,-0.18,	0.67,	0.43,	20000,	0.67,	00,	0,	00
16:20:38.721 -> 237844,	yrp,	-19.27,	2.00,	0.19,	yrp_rate	,-0.06,	0.61,	0.37,	20000,	0.61,	00,	0,	00
16:20:38.754 -> 237859,	yrp,	-19.27,	2.03,	0.20,	yrp_rate	,-0.18,	0.67,	0.37,	20000,	0.67,	00,	0,	00
16:20:38.754 -> 237874,	yrp,	-19.27,	2.06,	0.20,	yrp_rate	,-0.18,	0.61,	0.37,	20000,	0.61,	00,	0,	00
16:20:38.788 -> 237889,	yrp,	-19.26,	2.09,	0.21,	yrp_rate	,-0.18,	0.61,	0.31,	20000,	0.61,	00,	0,	00
16:20:38.788 -> 237904,	yrp,	-19.26,	2.11,	0.22,	yrp_rate	,-0.18,	0.73,	0.43,	20000,	0.73,	00,	0,	00
16:20:38.788 -> 237919,	yrp,	-19.26,	2.14,	0.22,	yrp_rate	,-0.18,	0.67,	0.37,	20000,	0.67,	00,	0,	00
16:20:38.823 -> 237934,	yrp,	-19.26,	2.16,	0.22,	yrp_rate	,-0.18,	0.61,	0.43,	20000,	0.61,	00,	0,	00
16:20:38.823 -> 237948,	yrp,	-19.26,	2.19,	0.23,	yrp_rate	,-0.18,	0.67,	0.31,	20000,	0.67,	00,	0,	00
16:20:38.856 -> 237964,	yrp,	-19.26,	2.21,	0.24,	yrp_rate	,-0.06,	0.67,	0.37,	20000,	0.67,	00,	0,	00
16:20:38.856 -> 237979,	yrp,	-19.26,	2.24,	0.24,	yrp_rate	,-0.18,	0.67,	0.43,	20000,	0.67,	00,	0,	00
16:20:38.891 -> 237993,	yrp,	-19.26,	2.26,	0.24,	yrp_rate	,-0.18,	0.67,	0.43,	20000,	0.67,	00,	0,	00
16:20:38.891 -> 238009,	yrp,	-19.26,	2.28,	0.25,	yrp_rate	,-0.18,	0.67,	0.37,	20000,	0.67,	00,	0,	00
16:20:38.924 -> 238023,	yrp,	-19.26,	2.31,	0.25,	yrp_rate	,-0.18,	0.61,	0.31,	20000,	0.61,	00,	0,	00
16:20:38.924 -> 238039,	yrp,	-19.26,	2.34,	0.26,	yrp_rate	,-0.24,	0.73,	0.43,	20000,	0.73,	00,	0,	00
16:20:38.924 -> 238054,	yrp,	-19.27,	2.36,	0.26,	yrp_rate	,-0.18,	0.67,	0.37,	20000,	0.67,	00,	0,	00
16:20:38.959 -> 238068,	yrp,	-19.27,	2.38,	0.26,	yrp_rate	,-0.18,	0.67,	0.43,	20000,	0.67,	00,	0,	00
16:20:38.959 -> 238084,	yrp,	-19.27,	2.40,	0.27,	yrp_rate	,-0.24,	0.67,	0.43,	20000,	0.67,	00,	0,	00
16:20:38.992 -> 238099,	yrp,	-19.27,	2.42,	0.27,	yrp_rate	,-0.18,	0.61,	0.37,	20000,	0.61,	00,	0,	00
16:20:38.992 -> 238113,	yrp,	-19.27,	2.44,	0.27,	yrp_rate	,-0.18,	0.67,	0.37,	20000,	0.67,	00,	0,	00
16:20:39.027 -> 238129,	yrp,	-19.27,	2.47,	0.28,	yrp_rate	,-0.18,	0.67,	0.37,	20000,	0.67,	00,	0,	00
16:20:39.027 -> 238143,	yrp,	-19.27,	2.50,	0.29,	yrp_rate	,-0.12,	0.67,	0.37,	20000,	0.67,	00,	0,	00
16:20:39.061 -> 238158,	yrp,	-19.27,	2.51,	0.29,	yrp_rate	,-0.18,	0.61,	0.43,	20000,	0.61,	00,	0,	00
16:20:39.061 -> 238174,	yrp,	-19.27,	2.54,	0.29,	yrp_rate	,-0.18,	0.61,	0.43,	20000,	0.61,	00,	0,	00
16:20:39.061 -> 238188,	yrp,	-19.27,	2.55,	0.30,	yrp_rate	,-0.18,	0.67,	0.37,	20000,	0.67,	00,	0,	00
16:20:39.094 -> 238203,	yrp,	-19.27,	2.58,	0.30,	yrp_rate	,-0.18,	0.73,	0.43,	20000,	0.73,	00,	0,	00
16:20:39.094 -> 238219,	yrp,	-19.27,	2.60,	0.30,	yrp_rate	,-0.18,	0.67,	0.37,	20000,	0.67,	00,	0,	00
16:20:39.127 -> 238233,	yrp,	-19.27,	2.62,	0.31,	yrp_rate	,-0.24,	0.61,	0.43,	20000,	0.61,	00,	0,	00
16:20:39.127 -> 238248,	yrp,	-19.27,	2.64,	0.32,	yrp_rate	,-0.18,	0.67,	0.43,	20000,	0.67,	00,	0,	00
16:20:39.161 -> 238263,	yrp,	-19.27,	2.66,	0.32,	yrp_rate	,-0.18,	0.61,	0.37,	20000,	0.61,	00,	0,	00
16:20:39.161 -> 238278,	yrp,	-19.27,	2.68,	0.33,	yrp_rate	,-0.12,	0.73,	0.37,	20000,	0.73,	00,	0,	00
16:20:39.194 -> 238294,	yrp,	-19.27,	2.70,	0.33,	yrp_rate	,-0.12,	0.67,	0.43,	20000,	0.67,	00,	0,	00
16:20:39.194 -> 238308,	yrp,	-19.27,	2.72,	0.33,	yrp_rate	,-0.18,	0.67,	0.37,	20000,	0.67,	00,	0,	00
16:20:39.194 -> 238323,	yrp,	-19.27,	2.74,	0.34,	yrp_rate	,-0.18,	0.73,	0.37,	20000,	0.73,	00,	0,	00
16:20:39.228 -> 238339,	yrp,	-19.28,	2.75,	0.34,	yrp_rate	,-0.18,	0.67,	0.43,	20000,	0.67,	00,	0,	00
16:20:39.228 -> 238353,	yrp,	-19.28,	2.78,	0.35,	yrp_rate	,-0.18,	0.67,	0.43,	20000,	0.67,	00,	0,	00
16:20:39.261 -> 238368,	yrp,	-19.28,	2.80,	0.35,	yrp_rate	,-0.18,	0.67,	0.43,	20000,	0.67,	00,	0,	00
16:20:39.261 -> 238383,	yrp,	-19.28,	2.82,	0.35,	yrp_rate	,-0.18,	0.67,	0.31,	20000,	0.67,	00,	0,	00
16:20:39.295 -> 238398,	yrp,	-19.28,	2.83,	0.36,	yrp_rate	,-0.18,	0.67,	0.37,	20000,	0.67,	00,	0,	00
16:20:39.295 -> 238413,	yrp,	-19.28,	2.86,	0.35,	yrp_rate	,-0.06,	0.73,	0.31,	20000,	0.73,	00,	0,	00
16:20:39.328 -> 238428,	yrp,	-19.28,	2.87,	0.36,	yrp_rate	,-0.06,	0.73,	0.37,	20000,	0.73,	00,	0,	00
16:20:39.328 -> 238443,	yrp,	-19.28,	2.89,	0.36,	yrp_rate	,-0.24,	0.67,	0.43,	20000,	0.67,	00,	0,	00
16:20:39.363 -> 238458,	yrp,	-19.28,	2.91,	0.37,	yrp_rate	,-0.18,	0.67,	0.43,	20000,	0.67,	00,	0,	00
16:20:39.363 -> 238473,	yrp,	-19.28,	2.93,	0.37,	yrp_rate	,-0.18,	0.67,	0.43,	20000,	0.67,	00,	0,	00
16:20:39.363 -> 238488,	yrp,	-19.28,	2.94,	0.37,	yrp_rate	,-0.12,	0.67,	0.43,	20000,	0.67,	00,	0,	00
16:20:39.396 -> 238502,	yrp,	-19.28,	2.96,	0.38,	yrp_rate	,-0.18,	0.61,	0.43,	20000,	0.61,	00,	0,	00
16:20:39.396 -> 238518,	yrp,	-19.28,	2.98,	0.38,	yrp_rate	,-0.24,	0.55,	0.37,	20000,	0.55,	00,	0,	00
16:20:39.430 -> 238533,	yrp,	-19.28,	3.00,	0.38,	yrp_rate	,-0.18,	0.73,	0.37,	20000,	0.73,	00,	0,	00
16:20:39.430 -> 238547,	yrp,	-19.28,	3.02,	0.38,	yrp_rate	,-0.12,	0.73,	0.37,	20000,	0.73,	00,	0,	00
16:20:39.464 -> 238563,	yrp,	-19.28,	3.03,	0.39,	yrp_rate	,0.00,	0.67,	0.37,	20000,	0.67,	00,	0,	00
16:20:39.464 -> 238578,	yrp,	-19.28,	3.05,	0.39,	yrp_rate	,-0.18,	0.67,	0.43,	20000,	0.67,	00,	0,	00
16:20:39.464 -> 238593,	yrp,	-19.28,	3.07,	0.39,	yrp_rate	,-0.24,	0.61,	0.43,	20000,	0.61,	00,	0,	00
16:20:39.498 -> 238608,	yrp,	-19.28,	3.08,	0.40,	yrp_rate	,-0.18,	0.73,	0.31,	20000,	0.73,	00,	0,	00
16:20:39.498 -> 238622,	yrp,	-19.28,	3.10,	0.40,	yrp_rate	,-0.12,	0.73,	0.37,	20000,	0.73,	00,	0,	00
16:20:39.533 -> 238638,	yrp,	-19.28,	3.12,	0.40,	yrp_rate	,-0.06,	0.73,	0.37,	20000,	0.73,	00,	0,	00
16:20:39.533 -> 238653,	yrp,	-19.28,	3.13,	0.41,	yrp_rate	,-0.18,	0.67,	0.31,	20000,	0.67,	00,	0,	00
16:20:39.566 -> 238667,	yrp,	-19.28,	3.15,	0.42,	yrp_rate	,-0.24,	0.67,	0.37,	20000,	0.67,	00,	0,	00
16:20:39.566 -> 238683,	yrp,	-19.28,	3.16,	0.42,	yrp_rate	,-0.18,	0.73,	0.43,	20000,	0.73,	00,	0,	00
16:20:39.599 -> 238698,	yrp,	-19.28,	3.18,	0.42,	yrp_rate	,-0.18,	0.73,	0.43,	20000,	0.73,	00,	0,	00
16:20:39.599 -> 238712,	yrp,	-19.29,	3.19,	0.43,	yrp_rate	,-0.12,	0.73,	0.37,	20000,	0.73,	00,	0,	00
16:20:39.599 -> 238728,	yrp,	-19.29,	3.21,	0.43,	yrp_rate	,-0.18,	0.67,	0.43,	20000,	0.67,	00,	0,	00
16:20:39.633 -> 238742,	yrp,	-19.29,	3.22,	0.44,	yrp_rate	,-0.18,	0.67,	0.37,	20000,	0.67,	00,	0,	00
16:20:39.633 -> 238757,	yrp,	-19.29,	3.25,	0.44,	yrp_rate	,-0.24,	0.67,	0.43,	20000,	0.67,	00,	0,	00
16:20:39.666 -> 238773,	yrp,	-19.29,	3.25,	0.44,	yrp_rate	,-0.18,	0.73,	0.43,	20000,	0.73,	00,	0,	00
16:20:39.666 -> 238787,	yrp,	-19.29,	3.28,	0.44,	yrp_rate	,-0.18,	0.67,	0.43,	20000,	0.67,	00,	0,	00
16:20:39.700 -> 238802,	yrp,	-19.29,	3.29,	0.45,	yrp_rate	,-0.18,	0.73,	0.37,	20000,	0.73,	00,	0,	00
16:20:39.700 -> 238818,	yrp,	-19.29,	3.30,	0.46,	yrp_rate	,-0.18,	0.73,	0.31,	20000,	0.73,	00,	0,	00
16:20:39.733 -> 238832,	yrp,	-19.29,	3.31,	0.45,	yrp_rate	,-0.12,	0.67,	0.43,	20000,	0.67,	00,	0,	00
16:20:39.733 -> 238848,	yrp,	-19.29,	3.33,	0.46,	yrp_rate	,-0.12,	0.67,	0.37,	20000,	0.67,	00,	0,	00
16:20:39.768 -> 238862,	yrp,	-19.29,	3.34,	0.46,	yrp_rate	,-0.18,	0.67,	0.43,	20000,	0.67,	00,	0,	00
16:20:39.768 -> 238877,	yrp,	-19.29,	3.36,	0.46,	yrp_rate	,-0.18,	0.67,	0.37,	20000,	0.67,	00,	0,	00
16:20:39.768 -> 238893,	yrp,	-19.29,	3.37,	0.46,	yrp_rate	,-0.18,	0.67,	0.43,	20000,	0.67,	00,	0,	00
16:20:39.801 -> 238907,	yrp,	-19.29,	3.39,	0.47,	yrp_rate	,-0.18,	0.61,	0.37,	20000,	0.61,	00,	0,	00
16:20:39.801 -> 238922,	yrp,	-19.29,	3.40,	0.47,	yrp_rate	,-0.18,	0.61,	0.37,	20000,	0.61,	00,	0,	00
16:20:39.835 -> 238938,	yrp,	-19.29,	3.41,	0.47,	yrp_rate	,-0.24,	0.67,	0.37,	20000,	0.67,	00,	0,	00
16:20:39.835 -> 238952,	yrp,	-19.30,	3.43,	0.48,	yrp_rate	,-0.18,	0.73,	0.37,	20000,	0.73,	00,	0,	00
16:20:39.868 -> 238967,	yrp,	-19.30,	3.44,	0.48,	yrp_rate	,-0.12,	0.67,	0.43,	20000,	0.67,	00,	0,	00
16:20:39.868 -> 238982,	yrp,	-19.30,	3.46,	0.48,	yrp_rate	,-0.18,	0.67,	0.43,	20000,	0.67,	00,	0,	00
16:20:39.901 -> 238997,	yrp,	-19.30,	3.47,	0.48,	yrp_rate	,-0.24,	0.61,	0.43,	20000,	0.61,	00,	0,	00
16:20:39.901 -> 239012,	yrp,	-19.30,	3.49,	0.49,	yrp_rate	,-0.18,	0.67,	0.43,	20000,	0.67,	00,	0,	00
16:20:39.901 -> 239027,	yrp,	-19.30,	3.50,	0.49,	yrp_rate	,-0.18,	0.67,	0.43,	20000,	0.67,	00,	0,	00
16:20:39.934 -> 239042,	yrp,	-19.30,	3.51,	0.49,	yrp_rate	,-0.18,	0.67,	0.37,	20000,	0.67,	00,	0,	00
16:20:39.934 -> 239057,	yrp,	-19.30,	3.53,	0.49,	yrp_rate	,-0.24,	0.61,	0.37,	20000,	0.61,	00,	0,	00
16:20:39.969 -> 239072,	yrp,	-19.30,	3.53,	0.49,	yrp_rate	,-0.24,	0.61,	0.37,	20000,	0.61,	00,	0,	00
16:20:39.969 -> 239087,	yrp,	-19.30,	3.55,	0.50,	yrp_rate	,-0.18,	0.67,	0.37,	20000,	0.67,	00,	0,	00
16:20:40.003 -> 239101,	yrp,	-19.30,	3.56,	0.50,	yrp_rate	,-0.18,	0.67,	0.37,	20000,	0.67,	00,	0,	00
16:20:40.003 -> 239117,	yrp,	-19.30,	3.58,	0.50,	yrp_rate	,-0.18,	0.61,	0.37,	20000,	0.61,	00,	0,	00
16:20:40.038 -> 239132,	yrp,	-19.30,	3.59,	0.50,	yrp_rate	,-0.18,	0.67,	0.43,	20000,	0.67,	00,	0,	00
16:20:40.038 -> 239147,	yrp,	-19.30,	3.60,	0.50,	yrp_rate	,-0.18,	0.73,	0.37,	20000,	0.73,	00,	0,	00
16:20:40.038 -> 239162,	yrp,	-19.30,	3.61,	0.51,	yrp_rate	,-0.12,	0.73,	0.37,	20000,	0.73,	00,	0,	00
16:20:40.072 -> 239177,	yrp,	-19.30,	3.62,	0.51,	yrp_rate	,-0.12,	0.61,	0.37,	20000,	0.61,	00,	0,	00
16:20:40.072 -> 239192,	yrp,	-19.30,	3.63,	0.51,	yrp_rate	,-0.12,	0.67,	0.31,	20000,	0.67,	00,	0,	00
16:20:40.105 -> 239207,	yrp,	-19.30,	3.65,	0.51,	yrp_rate	,-0.12,	0.67,	0.37,	20000,	0.67,	00,	0,	00
16:20:40.105 -> 239221,	yrp,	-19.30,	3.66,	0.51,	yrp_rate	,-0.18,	0.67,	0.43,	20000,	0.67,	00,	0,	00
16:20:40.141 -> 239237,	yrp,	-19.30,	3.67,	0.51,	yrp_rate	,-0.24,	0.67,	0.37,	20000,	0.67,	00,	0,	00
16:20:40.141 -> 239252,	yrp,	-19.30,	3.68,	0.52,	yrp_rate	,-0.12,	0.61,	0.37,	20000,	0.61,	00,	0,	00
16:20:40.141 -> 239266,	yrp,	-19.30,	3.69,	0.52,	yrp_rate	,-0.18,	0.67,	0.37,	20000,	0.67,	00,	0,	00
16:20:40.173 -> 239282,	yrp,	-19.30,	3.71,	0.53,	yrp_rate	,-0.18,	0.67,	0.37,	20000,	0.67,	00,	0,	00
16:20:40.173 -> 239297,	yrp,	-19.30,	3.72,	0.53,	yrp_rate	,-0.12,	0.67,	0.43,	20000,	0.67,	00,	0,	00
16:20:40.208 -> 239311,	yrp,	-19.30,	3.72,	0.53,	yrp_rate	,-0.18,	0.67,	0.43,	20000,	0.67,	00,	0,	00
16:20:40.208 -> 239327,	yrp,	-19.30,	3.74,	0.53,	yrp_rate	,-0.18,	0.67,	0.37,	20000,	0.67,	00,	0,	00
16:20:40.241 -> 239341,	yrp,	-19.30,	3.75,	0.53,	yrp_rate	,-0.18,	0.67,	0.31,	20000,	0.67,	00,	0,	00
16:20:40.241 -> 239356,	yrp,	-19.30,	3.76,	0.53,	yrp_rate	,-0.24,	0.67,	0.31,	20000,	0.67,	00,	0,	00
16:20:40.275 -> 239372,	yrp,	-19.30,	3.77,	0.54,	yrp_rate	,-0.18,	0.67,	0.37,	20000,	0.67,	00,	0,	00
16:20:40.275 -> 239386,	yrp,	-19.30,	3.78,	0.54,	yrp_rate	,-0.24,	0.67,	0.37,	20000,	0.67,	00,	0,	00
16:20:40.275 -> 239401,	yrp,	-19.30,	3.80,	0.54,	yrp_rate	,-0.18,	0.67,	0.43,	20000,	0.67,	00,	0,	00
16:20:40.308 -> 239417,	yrp,	-19.30,	3.80,	0.54,	yrp_rate	,-0.18,	0.67,	0.37,	20000,	0.67,	00,	0,	00
16:20:40.308 -> 239431,	yrp,	-19.30,	3.82,	0.54,	yrp_rate	,-0.18,	0.61,	0.43,	20000,	0.61,	00,	0,	00
16:20:40.342 -> 239447,	yrp,	-19.30,	3.82,	0.54,	yrp_rate	,-0.24,	0.73,	0.37,	20000,	0.73,	00,	0,	00
16:20:40.342 -> 239461,	yrp,	-19.31,	3.84,	0.54,	yrp_rate	,-0.18,	0.67,	0.43,	20000,	0.67,	00,	0,	00
16:20:40.375 -> 239476,	yrp,	-19.31,	3.85,	0.55,	yrp_rate	,-0.18,	0.67,	0.37,	20000,	0.67,	00,	0,	00
16:20:40.375 -> 239492,	yrp,	-19.31,	3.85,	0.55,	yrp_rate	,-0.18,	0.67,	0.49,	20000,	0.67,	00,	0,	00
16:20:40.410 -> 239506,	yrp,	-19.31,	3.87,	0.55,	yrp_rate	,-0.18,	0.67,	0.37,	20000,	0.67,	00,	0,	00
16:20:40.410 -> 239521,	yrp,	-19.31,	3.88,	0.56,	yrp_rate	,-0.24,	0.73,	0.37,	20000,	0.73,	00,	0,	00
16:20:40.410 -> 239537,	yrp,	-19.31,	3.88,	0.55,	yrp_rate	,-0.12,	0.67,	0.37,	20000,	0.67,	00,	0,	00
16:20:40.444 -> 239551,	yrp,	-19.31,	3.89,	0.56,	yrp_rate	,-0.18,	0.67,	0.37,	20000,	0.67,	00,	0,	00
16:20:40.444 -> 239566,	yrp,	-19.31,	3.91,	0.56,	yrp_rate	,-0.18,	0.67,	0.37,	20000,	0.67,	00,	0,	00
16:20:40.478 -> 239581,	yrp,	-19.31,	3.91,	0.56,	yrp_rate	,-0.18,	0.67,	0.37,	20000,	0.67,	00,	0,	00
