PARSFILE
#FullDataName Generic Table`Motor efficiency (Max. 1960N)`Powertrain (HEV)
#RingCtrl0 CARPET
#CheckBox0 1    

*3D_XLabel Motor output torque (N-m)
*3D_YLabel Motor speed (RPM)
*3D_ZLabel Efficiency (-)

#DiagramTwo0
*3D_DATA 23, 11 ! columns x rows
r_eff_motor_CARPET 2D_LINEAR
0, -1960, -1767.213115, -1574.426229, -1381.639344, -1188.852459, -996.0655737, -803.2786886, -610.4918032, -417.704918, -224.9180329, -32.13114754, 0, 32.13114754, 224.9180329, 417.704918, 610.4918032, 803.2786886, 996.0655737, 1188.852459, 1381.639344, 1574.426229, 1767.213115, 1960
0, 0.85975, 0.85975, 0.85975, 0.85975, 0.85975, 0.85975, 0.85975, 0.85975, 0.85975, 0.85975, 0.85975, 0.85975, 0.85975, 0.85975, 0.85975, 0.85975, 0.85975, 0.85975, 0.85975, 0.85975, 0.85975, 0.85975, 0.85975
127.55, 0.532, 0.5605, 0.589, 0.6175, 0.646, 0.684, 0.722, 0.76, 0.8075, 0.855, 0.8265, 0.85975, 0.8265, 0.855, 0.8075, 0.76, 0.722, 0.684, 0.646, 0.6175, 0.589, 0.5605, 0.532
255.1, 0.684, 0.703, 0.722, 0.741, 0.7695, 0.7885, 0.817, 0.8455, 0.8645, 0.893, 0.8075, 0.85975, 0.8075, 0.893, 0.8645, 0.8455, 0.817, 0.7885, 0.7695, 0.741, 0.722, 0.703, 0.684
382.65, 0.684, 0.703, 0.722, 0.741, 0.817, 0.836, 0.855, 0.874, 0.8835, 0.893, 0.7885, 0.85975, 0.7885, 0.893, 0.8835, 0.874, 0.855, 0.836, 0.817, 0.741, 0.722, 0.703, 0.684
510.2, 0.684, 0.703, 0.722, 0.741, 0.817, 0.836, 0.874, 0.8835, 0.9025, 0.9025, 0.779, 0.85975, 0.779, 0.9025, 0.9025, 0.8835, 0.874, 0.836, 0.817, 0.741, 0.722, 0.703, 0.684
637.76, 0.684, 0.703, 0.722, 0.741, 0.817, 0.836, 0.874, 0.893, 0.9025, 0.9025, 0.7695, 0.85975, 0.7695, 0.9025, 0.9025, 0.893, 0.874, 0.836, 0.817, 0.741, 0.722, 0.703, 0.684
765.31, 0.684, 0.703, 0.722, 0.741, 0.817, 0.836, 0.874, 0.9025, 0.912, 0.9025, 0.7695, 0.85975, 0.7695, 0.9025, 0.912, 0.9025, 0.874, 0.836, 0.817, 0.741, 0.722, 0.703, 0.684
892.86, 0.684, 0.703, 0.722, 0.741, 0.817, 0.836, 0.874, 0.9025, 0.912, 0.9025, 0.76, 0.85975, 0.76, 0.9025, 0.912, 0.9025, 0.874, 0.836, 0.817, 0.741, 0.722, 0.703, 0.684
1020.4, 0.684, 0.703, 0.722, 0.741, 0.817, 0.836, 0.874, 0.9025, 0.9025, 0.9025, 0.76, 0.85975, 0.76, 0.9025, 0.9025, 0.9025, 0.874, 0.836, 0.817, 0.741, 0.722, 0.703, 0.684
1148, 0.684, 0.703, 0.722, 0.741, 0.817, 0.836, 0.874, 0.9025, 0.9025, 0.9025, 0.7505, 0.85975, 0.7505, 0.9025, 0.9025, 0.9025, 0.874, 0.836, 0.817, 0.741, 0.722, 0.703, 0.684
1530.6, 0.684, 0.703, 0.722, 0.741, 0.817, 0.836, 0.874, 0.9025, 0.9025, 0.9025, 0.7505, 0.85975, 0.7505, 0.9025, 0.9025, 0.9025, 0.874, 0.836, 0.817, 0.741, 0.722, 0.703, 0.684
ENDTABLE

#RadioCtrl0 0    
#RadioCtrl1 0    

*KEYWORD r_eff_motor
*X_LABEL Motor speed (RPM)
*Y_LABEL Efficiency (-)
*X_LABEL_2 Motor output torque (N-m)


LOG_ENTRY Used Dataset: Generic Table; { Powertrain (HEV) } Motor efficiency (Max. 1960N)
#Library : Generic Table
#DataSet : Motor efficiency (Max. 1960N)
#Category: Powertrain (HEV)
#FileID  : GenTab_c2651fe4-f420-4610-bc78-bb42bdc9851d
#Modified: 06-07-2021 01:53:02
#Product : TruckSim 2022.1
#DataVer : 2022.1
#VehCode table

END
