PARSFILE
#FullDataName Powertrain: Engine`330 kW Diesel (2100 RPM) #1`Engines: 251 kW to 350 kW
#RingCtrl0 CARPET
#CheckBox0 0    
OPT_THROTTLE_DELAY 0

*3D_XLabel Throttle (-)
*3D_YLabel Engine speed (rpm)
*3D_ZLabel Engine torque (N-m)

#DiagramTwo0
*3D_DATA 11, 17 ! columns x rows
MENGINE_CARPET 2D_LINEAR
0, 0, 0.1, 0.2, 0.3, 0.4, 0.5, 0.6, 0.7, 0.8, 0.9, 1
400, -100, 250, 500, 1000, 2000, 2500, 3000, 3500, 4000, 4500, 100000
401, -100, 250, 500, 1000, 2000, 2500, 3000, 3500, 4000, 4500, 100000
500, -100, 250, 500, 1000, 2000, 2500, 3000, 3500, 4000, 4500, 100000
800, -100, 250, 500, 1000, 2000, 2500, 3000, 3500, 4000, 4500, 100000
1100, -100, 250, 500, 1000, 2000, 2500, 3000, 3500, 4000, 4500, 100000
1200, -100, 250, 500, 1000, 2000, 2500, 3000, 3500, 4000, 4500, 100000
1300, -100, 250, 500, 1000, 2000, 2500, 3000, 3500, 4000, 4500, 100000
1400, -100, 250, 500, 1000, 2000, 2500, 3000, 3500, 4000, 4500, 100000
1500, -100, 250, 500, 1000, 2000, 2500, 3000, 3500, 4000, 4500, 100000
1600, -100, 250, 500, 1000, 2000, 2500, 3000, 3500, 4000, 4500, 100000
1700, -100, 250, 500, 1000, 2000, 2500, 3000, 3500, 4000, 4500, 100000
1800, -100, 250, 500, 1000, 2000, 2500, 3000, 3500, 4000, 4500, 100000
1900, -100, 250, 500, 1000, 2000, 2500, 3000, 3500, 4000, 4500, 100000
2000, -100, 250, 500, 1000, 2000, 2500, 3000, 3500, 4000, 4500, 100000
2100, -100, 250, 500, 1000, 2000, 2500, 3000, 3500, 4000, 4500, 100000
2150, -100, 250, 500, 1000, 2000, 2500, 3000, 3500, 4000, 4500, 100000
4000, -100, 250, 500, 1000, 2000, 2500, 3000, 3500, 4000, 4500, 100000
ENDTABLE

#RadioCtrl0 0    
#RadioCtrl1 0    

AV_ENG_IDLE 800
IENG 2.75
AV_ENG_LOW_CLUTCH 720

LOG_ENTRY Used Dataset: Powertrain: Engine; { Engines: 251 kW to 350 kW } 330 kW Diesel (2100 RPM) #1
#Library : Powertrain: Engine
#DataSet : 330 kW Diesel (2100 RPM) #1
#Category: Engines: 251 kW to 350 kW
#FileID  : Engine_d690c7fe-827d-45b3-91a2-f2b59bf60e1d
#Created : 01-16-2023 18:50:48
#Modified: 01-16-2023 19:38:41
#Product : TruckSim 2023.0
#DataVer : 2023.0
#VehCode 2D Table 

END
