PARSFILE
#FullDataName Steering System: Kinematics for One Wheel`Right Wheel, 3.5 m Wheelbase`3.5 m Wheelbase
#CheckBox0 0    

#RingCtrl0 SPLINE
#RadioCtrl0 0    

#DiagramOne0
STEER_KIN_TABLE SPLINE
-18.28, -20.07
-18.1, -19.85
-17.91, -19.63
-17.73, -19.41
-17.55, -19.2
-17.37, -18.98
-17.18, -18.76
-17, -18.55
-16.82, -18.33
-16.64, -18.11
-16.45, -17.9
-16.27, -17.68
-16.09, -17.47
-15.9, -17.25
-15.72, -17.04
-15.54, -16.83
-15.36, -16.61
-15.17, -16.4
-14.99, -16.19
-14.81, -15.98
-14.62, -15.76
-14.44, -15.55
-14.26, -15.34
-14.08, -15.13
-13.89, -14.92
-13.71, -14.71
-13.53, -14.5
-13.34, -14.29
-13.16, -14.08
-12.98, -13.87
-12.8, -13.67
-12.61, -13.46
-12.43, -13.25
-12.25, -13.04
-12.07, -12.84
-11.88, -12.63
-11.7, -12.42
-11.52, -12.22
-11.33, -12.01
-11.15, -11.81
-10.97, -11.6
-10.79, -11.4
-10.6, -11.2
-10.42, -10.99
-10.24, -10.79
-10.05, -10.59
-9.87, -10.38
-9.69, -10.18
-9.51, -9.98
-9.32, -9.78
-9.14, -9.58
-8.96, -9.38
-8.77, -9.18
-8.59, -8.98
-8.41, -8.78
-8.23, -8.58
-8.04, -8.38
-7.86, -8.18
-7.68, -7.99
-7.49, -7.79
-7.31, -7.59
-7.13, -7.39
-6.95, -7.2
-6.76, -7
-6.58, -6.81
-6.4, -6.61
-6.22, -6.42
-6.03, -6.22
-5.85, -6.03
-5.67, -5.83
-5.48, -5.64
-5.3, -5.45
-5.12, -5.25
-4.94, -5.06
-4.75, -4.87
-4.57, -4.68
-4.39, -4.49
-4.2, -4.3
-4.02, -4.11
-3.84, -3.91
-3.66, -3.72
-3.47, -3.54
-3.29, -3.35
-3.11, -3.16
-2.92, -2.97
-2.74, -2.78
-2.56, -2.59
-2.38, -2.41
-2.19, -2.22
-2.01, -2.03
-1.83, -1.85
-1.65, -1.66
-1.46, -1.47
-1.28, -1.29
-1.1, -1.1
-0.91, -0.92
-0.73, -0.73
-0.55, -0.55
-0.37, -0.37
-0.18, -0.18
0, 0
0.18, 0.18
0.37, 0.36
0.55, 0.55
0.73, 0.73
0.91, 0.91
1.1, 1.09
1.28, 1.27
1.46, 1.45
1.65, 1.63
1.83, 1.81
2.01, 1.99
2.19, 2.17
2.38, 2.35
2.56, 2.53
2.74, 2.7
2.92, 2.88
3.11, 3.06
3.29, 3.24
3.47, 3.41
3.66, 3.59
3.84, 3.77
4.02, 3.94
4.2, 4.12
4.39, 4.29
4.57, 4.47
4.75, 4.64
4.94, 4.82
5.12, 4.99
5.3, 5.16
5.48, 5.34
5.67, 5.51
5.85, 5.68
6.03, 5.85
6.22, 6.03
6.4, 6.2
6.58, 6.37
6.76, 6.54
6.95, 6.71
7.13, 6.88
7.31, 7.05
7.49, 7.22
7.68, 7.39
7.86, 7.56
8.04, 7.73
8.23, 7.9
8.41, 8.07
8.59, 8.24
8.77, 8.4
8.96, 8.57
9.14, 8.74
9.32, 8.91
9.51, 9.07
9.69, 9.24
9.87, 9.41
10.05, 9.57
10.24, 9.74
10.42, 9.9
10.6, 10.07
10.79, 10.23
10.97, 10.4
11.15, 10.56
11.33, 10.73
11.52, 10.89
11.7, 11.05
11.88, 11.22
12.07, 11.38
12.25, 11.54
12.43, 11.71
12.61, 11.87
12.8, 12.03
12.98, 12.19
13.16, 12.35
13.34, 12.51
13.53, 12.67
13.71, 12.84
13.89, 13
14.08, 13.16
14.26, 13.32
14.44, 13.48
14.62, 13.64
14.81, 13.79
14.99, 13.95
15.17, 14.11
15.36, 14.27
15.54, 14.43
15.72, 14.59
15.9, 14.75
16.09, 14.9
16.27, 15.06
16.45, 15.22
16.64, 15.37
16.82, 15.53
17, 15.69
17.18, 15.84
17.37, 16
17.55, 16.16
17.73, 16.31
17.91, 16.47
18.1, 16.62
18.28, 16.78
ENDTABLE


LOG_ENTRY Used Dataset: Steering System: Kinematics for One Wheel; { 3.5 m Wheelbase } Right Wheel, 3.5 m Wheelbase
#Library : Steering System: Kinematics for One Wheel
#DataSet : Right Wheel, 3.5 m Wheelbase
#Category: 3.5 m Wheelbase
#FileID  : StrKin_7b71a43d-6479-471b-a7ca-2853d7532934
#Created : 10-27-2021 11:22:49
#Modified: 10-27-2021 11:23:18
#Product : TruckSim 2022.1
#DataVer : 2022.1
#VehCode Steering Kinematics

END
