PARSFILE
#FullDataName Steering System: Kinematics for One Wheel`Axle 2, Left, Axle 3-4 Midpt. = 4980 mm`Tandem Steer, SS_SS
#CheckBox0 0    

#RingCtrl0 SPLINE
#RadioCtrl0 0    

#DiagramOne0
STEER_KIN_TABLE SPLINE
-36.4, -24.35
-36.04, -24.12
-35.67, -23.9
-35.31, -23.67
-34.95, -23.44
-34.58, -23.22
-34.22, -22.99
-33.85, -22.76
-33.49, -22.53
-33.13, -22.3
-32.76, -22.08
-32.4, -21.85
-32.03, -21.62
-31.67, -21.39
-31.31, -21.16
-30.94, -20.93
-30.58, -20.7
-30.21, -20.47
-29.85, -20.24
-29.49, -20.01
-29.12, -19.77
-28.76, -19.54
-28.39, -19.31
-28.03, -19.08
-27.67, -18.85
-27.3, -18.61
-26.94, -18.38
-26.57, -18.15
-26.21, -17.91
-25.85, -17.68
-25.48, -17.44
-25.12, -17.21
-24.75, -16.97
-24.39, -16.74
-24.03, -16.5
-23.66, -16.26
-23.3, -16.03
-22.93, -15.79
-22.57, -15.55
-22.21, -15.31
-21.84, -15.08
-21.48, -14.84
-21.11, -14.6
-20.75, -14.36
-20.39, -14.12
-20.02, -13.88
-19.66, -13.64
-19.29, -13.4
-18.93, -13.16
-18.57, -12.91
-18.2, -12.67
-17.84, -12.43
-17.47, -12.19
-17.11, -11.94
-16.75, -11.7
-16.38, -11.45
-16.02, -11.21
-15.65, -10.97
-15.29, -10.72
-14.93, -10.47
-14.56, -10.23
-14.2, -9.98
-13.83, -9.73
-13.47, -9.49
-13.11, -9.24
-12.74, -8.99
-12.38, -8.74
-12.01, -8.49
-11.65, -8.24
-11.28, -7.99
-10.92, -7.74
-10.56, -7.49
-10.19, -7.24
-9.83, -6.99
-9.46, -6.73
-9.1, -6.48
-8.74, -6.23
-8.37, -5.97
-8.01, -5.72
-7.64, -5.46
-7.28, -5.21
-6.92, -4.95
-6.55, -4.7
-6.19, -4.44
-5.82, -4.18
-5.46, -3.92
-5.1, -3.67
-4.73, -3.41
-4.37, -3.15
-4, -2.89
-3.64, -2.63
-3.28, -2.37
-2.91, -2.11
-2.55, -1.85
-2.18, -1.58
-1.82, -1.32
-1.46, -1.06
-1.09, -0.79
-0.73, -0.53
-0.36, -0.27
0, 0
0.36, 0.27
0.73, 0.53
1.09, 0.8
1.46, 1.07
1.82, 1.33
2.18, 1.6
2.55, 1.87
2.91, 2.14
3.28, 2.41
3.64, 2.68
4, 2.95
4.37, 3.22
4.73, 3.49
5.1, 3.77
5.46, 4.04
5.82, 4.31
6.19, 4.59
6.55, 4.86
6.92, 5.14
7.28, 5.41
7.64, 5.69
8.01, 5.97
8.37, 6.24
8.74, 6.52
9.1, 6.8
9.46, 7.08
9.83, 7.36
10.19, 7.64
10.56, 7.92
10.92, 8.2
11.28, 8.48
11.65, 8.76
12.01, 9.04
12.38, 9.33
12.74, 9.61
13.11, 9.9
13.47, 10.18
13.83, 10.46
14.2, 10.75
14.56, 11.04
14.93, 11.32
15.29, 11.61
15.65, 11.9
16.02, 12.19
16.38, 12.48
16.75, 12.77
17.11, 13.06
17.47, 13.35
17.84, 13.64
18.2, 13.93
18.57, 14.22
18.93, 14.51
19.29, 14.81
19.66, 15.1
20.02, 15.4
20.39, 15.69
20.75, 15.99
21.11, 16.28
21.48, 16.58
21.84, 16.87
22.21, 17.17
22.57, 17.47
22.93, 17.77
23.3, 18.07
23.66, 18.37
24.03, 18.67
24.39, 18.97
24.75, 19.27
25.12, 19.57
25.48, 19.87
25.85, 20.17
26.21, 20.47
26.57, 20.78
26.94, 21.08
27.3, 21.39
27.67, 21.69
28.03, 22
28.39, 22.3
28.76, 22.61
29.12, 22.91
29.49, 23.22
29.85, 23.53
30.21, 23.84
30.58, 24.14
30.94, 24.45
31.31, 24.76
31.67, 25.07
32.03, 25.38
32.4, 25.69
32.76, 26
33.13, 26.31
33.49, 26.63
33.85, 26.94
34.22, 27.25
34.58, 27.56
34.95, 27.88
35.31, 28.19
35.67, 28.5
36.04, 28.82
36.4, 29.13
ENDTABLE


LOG_ENTRY Used Dataset: Steering System: Kinematics for One Wheel; { Tandem Steer, SS_SS } Axle 2, Left, Axle 3-4 Midpt. = 4980 mm
#Library : Steering System: Kinematics for One Wheel
#DataSet : Axle 2, Left, Axle 3-4 Midpt. = 4980 mm
#Category: Tandem Steer, SS_SS
#FileID  : StrKin_9088b159-6306-4bbf-887f-6dd2f19cee8d
#Modified: 06-07-2021 01:49:06
#Product : TruckSim 2023.0
#DataVer : 2023.0
#VehCode Steering Kinematics

END
