PARSFILE
#FullDataName Road: Off-Center Elevation Map, S-L Grid`Four Small Bumps, 0.1 m inc. elev.`Bumps
#CheckBox0 0    

SET_IROAD_DZ_FOR_ID 0
ROAD_N_DZ = ROAD_N_DZ + 1 ! increment count for the road
IDZ_ROAD = ROAD_N_DZ ! set index for the new ID
RD_DZ_ID = ROAD_DZ_ID ! Specify the user ID
set_description RD_DZ_ID ROAD_DZ_ID for: Four Small Bumps, 0.1 m inc. elev.
set_description ROAD_DZ_ID Four Small Bumps, 0.1 m inc. elev.
#RingCtrl0 CARPET
#RingCtrl3 1
#RadioCtrl0 0    
#RadioCtrl1 0    

*3D_XLabel Lateral coordinate (m)
*3D_YLabel Station (m)
*3D_ZLabel Incremental elevation (m)

#DiagramTwo0
*3D_DATA 6, 213 ! columns x rows
ROAD_DZ_CARPET 2D_LINEAR
0, -10, -4.2, -3.5, 3.5, 4.2, 10
0, -0.13333, -0.13333, 0, 0, -0.13333, -0.13333
10, -0.13333, -0.13333, 0, 0, -0.13333, -0.13333
10.1, -0.13333, -0.13333, 0.00039012, 0.00039012, -0.13333, -0.13333
10.2, -0.13333, -0.13333, 0.0015544, 0.0015544, -0.13333, -0.13333
10.3, -0.13333, -0.13333, 0.0034746, 0.0034746, -0.13333, -0.13333
10.4, -0.13333, -0.13333, 0.0061209, 0.0061209, -0.13333, -0.13333
10.5, -0.13333, -0.13333, 0.0094518, 0.0094518, -0.13333, -0.13333
10.6, -0.13333, -0.13333, 0.013416, 0.013416, -0.13333, -0.13333
10.7, -0.13333, -0.13333, 0.01795, 0.01795, -0.13333, -0.13333
10.8, -0.13333, -0.13333, 0.022985, 0.022985, -0.13333, -0.13333
10.9, -0.13333, -0.13333, 0.028441, 0.028441, -0.13333, -0.13333
11, -0.13333, -0.13333, 0.034234, 0.034234, -0.13333, -0.13333
11.1, -0.13333, -0.13333, 0.040273, 0.040273, -0.13333, -0.13333
11.2, -0.13333, -0.13333, 0.046463, 0.046463, -0.13333, -0.13333
11.3, -0.13333, -0.13333, 0.052709, 0.052709, -0.13333, -0.13333
11.4, -0.13333, -0.13333, 0.058912, 0.058912, -0.13333, -0.13333
11.5, -0.13333, -0.13333, 0.064977, 0.064977, -0.13333, -0.13333
11.6, -0.13333, -0.13333, 0.070807, 0.070807, -0.13333, -0.13333
11.7, -0.13333, -0.13333, 0.076313, 0.076313, -0.13333, -0.13333
11.8, -0.13333, -0.13333, 0.081409, 0.081409, -0.13333, -0.13333
11.9, -0.13333, -0.13333, 0.086014, 0.086014, -0.13333, -0.13333
12, -0.13333, -0.13333, 0.090057, 0.090057, -0.13333, -0.13333
12.1, -0.13333, -0.13333, 0.093475, 0.093475, -0.13333, -0.13333
12.2, -0.13333, -0.13333, 0.096215, 0.096215, -0.13333, -0.13333
12.3, -0.13333, -0.13333, 0.098234, 0.098234, -0.13333, -0.13333
12.4, -0.13333, -0.13333, 0.0995, 0.0995, -0.13333, -0.13333
12.5, -0.13333, -0.13333, 0.099993, 0.099993, -0.13333, -0.13333
12.6, -0.13333, -0.13333, 0.099706, 0.099706, -0.13333, -0.13333
12.7, -0.13333, -0.13333, 0.098644, 0.098644, -0.13333, -0.13333
12.8, -0.13333, -0.13333, 0.096823, 0.096823, -0.13333, -0.13333
12.9, -0.13333, -0.13333, 0.094271, 0.094271, -0.13333, -0.13333
13, -0.13333, -0.13333, 0.091028, 0.091028, -0.13333, -0.13333
13.1, -0.13333, -0.13333, 0.087145, 0.087145, -0.13333, -0.13333
13.2, -0.13333, -0.13333, 0.082682, 0.082682, -0.13333, -0.13333
13.3, -0.13333, -0.13333, 0.077709, 0.077709, -0.13333, -0.13333
13.4, -0.13333, -0.13333, 0.072304, 0.072304, -0.13333, -0.13333
13.5, -0.13333, -0.13333, 0.066551, 0.066551, -0.13333, -0.13333
13.6, -0.13333, -0.13333, 0.06054, 0.06054, -0.13333, -0.13333
13.7, -0.13333, -0.13333, 0.054364, 0.054364, -0.13333, -0.13333
13.8, -0.13333, -0.13333, 0.04812, 0.04812, -0.13333, -0.13333
13.9, -0.13333, -0.13333, 0.041905, 0.041905, -0.13333, -0.13333
14, -0.13333, -0.13333, 0.035817, 0.035817, -0.13333, -0.13333
14.1, -0.13333, -0.13333, 0.02995, 0.02995, -0.13333, -0.13333
14.2, -0.13333, -0.13333, 0.024396, 0.024396, -0.13333, -0.13333
14.3, -0.13333, -0.13333, 0.019241, 0.019241, -0.13333, -0.13333
14.4, -0.13333, -0.13333, 0.014567, 0.014567, -0.13333, -0.13333
14.5, -0.13333, -0.13333, 0.010445, 0.010445, -0.13333, -0.13333
14.6, -0.13333, -0.13333, 0.0069404, 0.0069404, -0.13333, -0.13333
14.7, -0.13333, -0.13333, 0.0041079, 0.0041079, -0.13333, -0.13333
14.8, -0.13333, -0.13333, 0.0019915, 0.0019915, -0.13333, -0.13333
14.9, -0.13333, -0.13333, 0.00062426, 0.00062426, -0.13333, -0.13333
15, -0.13333, -0.13333, 2.7529e-05, 2.7529e-05, -0.13333, -0.13333
15.1, -0.13333, -0.13333, 0, 0, -0.13333, -0.13333
29.9, -0.13333, -0.13333, 0, 0, -0.13333, -0.13333
30, -0.13333, -0.13333, 0, 0, -0.13333, -0.13333
30.1, -0.13333, -0.13333, 0.00039012, 0.00039012, -0.13333, -0.13333
30.2, -0.13333, -0.13333, 0.0015544, 0.0015544, -0.13333, -0.13333
30.3, -0.13333, -0.13333, 0.0034746, 0.0034746, -0.13333, -0.13333
30.4, -0.13333, -0.13333, 0.0061209, 0.0061209, -0.13333, -0.13333
30.5, -0.13333, -0.13333, 0.0094518, 0.0094518, -0.13333, -0.13333
30.6, -0.13333, -0.13333, 0.013416, 0.013416, -0.13333, -0.13333
30.7, -0.13333, -0.13333, 0.01795, 0.01795, -0.13333, -0.13333
30.8, -0.13333, -0.13333, 0.022985, 0.022985, -0.13333, -0.13333
30.9, -0.13333, -0.13333, 0.028441, 0.028441, -0.13333, -0.13333
31, -0.13333, -0.13333, 0.034234, 0.034234, -0.13333, -0.13333
31.1, -0.13333, -0.13333, 0.040273, 0.040273, -0.13333, -0.13333
31.2, -0.13333, -0.13333, 0.046463, 0.046463, -0.13333, -0.13333
31.3, -0.13333, -0.13333, 0.052709, 0.052709, -0.13333, -0.13333
31.4, -0.13333, -0.13333, 0.058912, 0.058912, -0.13333, -0.13333
31.5, -0.13333, -0.13333, 0.064977, 0.064977, -0.13333, -0.13333
31.6, -0.13333, -0.13333, 0.070807, 0.070807, -0.13333, -0.13333
31.7, -0.13333, -0.13333, 0.076313, 0.076313, -0.13333, -0.13333
31.8, -0.13333, -0.13333, 0.081409, 0.081409, -0.13333, -0.13333
31.9, -0.13333, -0.13333, 0.086014, 0.086014, -0.13333, -0.13333
32, -0.13333, -0.13333, 0.090057, 0.090057, -0.13333, -0.13333
32.1, -0.13333, -0.13333, 0.093475, 0.093475, -0.13333, -0.13333
32.2, -0.13333, -0.13333, 0.096215, 0.096215, -0.13333, -0.13333
32.3, -0.13333, -0.13333, 0.098234, 0.098234, -0.13333, -0.13333
32.4, -0.13333, -0.13333, 0.0995, 0.0995, -0.13333, -0.13333
32.5, -0.13333, -0.13333, 0.099993, 0.099993, -0.13333, -0.13333
32.6, -0.13333, -0.13333, 0.099706, 0.099706, -0.13333, -0.13333
32.7, -0.13333, -0.13333, 0.098644, 0.098644, -0.13333, -0.13333
32.8, -0.13333, -0.13333, 0.096823, 0.096823, -0.13333, -0.13333
32.9, -0.13333, -0.13333, 0.094271, 0.094271, -0.13333, -0.13333
33, -0.13333, -0.13333, 0.091028, 0.091028, -0.13333, -0.13333
33.1, -0.13333, -0.13333, 0.087145, 0.087145, -0.13333, -0.13333
33.2, -0.13333, -0.13333, 0.082682, 0.082682, -0.13333, -0.13333
33.3, -0.13333, -0.13333, 0.077709, 0.077709, -0.13333, -0.13333
33.4, -0.13333, -0.13333, 0.072304, 0.072304, -0.13333, -0.13333
33.5, -0.13333, -0.13333, 0.066551, 0.066551, -0.13333, -0.13333
33.6, -0.13333, -0.13333, 0.06054, 0.06054, -0.13333, -0.13333
33.7, -0.13333, -0.13333, 0.054364, 0.054364, -0.13333, -0.13333
33.8, -0.13333, -0.13333, 0.04812, 0.04812, -0.13333, -0.13333
33.9, -0.13333, -0.13333, 0.041905, 0.041905, -0.13333, -0.13333
34, -0.13333, -0.13333, 0.035817, 0.035817, -0.13333, -0.13333
34.1, -0.13333, -0.13333, 0.02995, 0.02995, -0.13333, -0.13333
34.2, -0.13333, -0.13333, 0.024396, 0.024396, -0.13333, -0.13333
34.3, -0.13333, -0.13333, 0.019241, 0.019241, -0.13333, -0.13333
34.4, -0.13333, -0.13333, 0.014567, 0.014567, -0.13333, -0.13333
34.5, -0.13333, -0.13333, 0.010445, 0.010445, -0.13333, -0.13333
34.6, -0.13333, -0.13333, 0.0069404, 0.0069404, -0.13333, -0.13333
34.7, -0.13333, -0.13333, 0.0041079, 0.0041079, -0.13333, -0.13333
34.8, -0.13333, -0.13333, 0.0019915, 0.0019915, -0.13333, -0.13333
34.9, -0.13333, -0.13333, 0.00062426, 0.00062426, -0.13333, -0.13333
35, -0.13333, -0.13333, 2.7529e-05, 2.7529e-05, -0.13333, -0.13333
35.1, -0.13333, -0.13333, 0, 0, -0.13333, -0.13333
89.9, -0.13333, -0.13333, 0, 0, -0.13333, -0.13333
90, -0.13333, -0.13333, 0, 0, -0.13333, -0.13333
90.1, -0.13333, -0.13333, 0.00039012, 0.00039012, -0.13333, -0.13333
90.2, -0.13333, -0.13333, 0.0015544, 0.0015544, -0.13333, -0.13333
90.3, -0.13333, -0.13333, 0.0034746, 0.0034746, -0.13333, -0.13333
90.4, -0.13333, -0.13333, 0.0061209, 0.0061209, -0.13333, -0.13333
90.5, -0.13333, -0.13333, 0.0094518, 0.0094518, -0.13333, -0.13333
90.6, -0.13333, -0.13333, 0.013416, 0.013416, -0.13333, -0.13333
90.7, -0.13333, -0.13333, 0.01795, 0.01795, -0.13333, -0.13333
90.8, -0.13333, -0.13333, 0.022985, 0.022985, -0.13333, -0.13333
90.9, -0.13333, -0.13333, 0.028441, 0.028441, -0.13333, -0.13333
91, -0.13333, -0.13333, 0.034234, 0.034234, -0.13333, -0.13333
91.1, -0.13333, -0.13333, 0.040273, 0.040273, -0.13333, -0.13333
91.2, -0.13333, -0.13333, 0.046463, 0.046463, -0.13333, -0.13333
91.3, -0.13333, -0.13333, 0.052709, 0.052709, -0.13333, -0.13333
91.4, -0.13333, -0.13333, 0.058912, 0.058912, -0.13333, -0.13333
91.5, -0.13333, -0.13333, 0.064977, 0.064977, -0.13333, -0.13333
91.6, -0.13333, -0.13333, 0.070807, 0.070807, -0.13333, -0.13333
91.7, -0.13333, -0.13333, 0.076313, 0.076313, -0.13333, -0.13333
91.8, -0.13333, -0.13333, 0.081409, 0.081409, -0.13333, -0.13333
91.9, -0.13333, -0.13333, 0.086014, 0.086014, -0.13333, -0.13333
92, -0.13333, -0.13333, 0.090057, 0.090057, -0.13333, -0.13333
92.1, -0.13333, -0.13333, 0.093475, 0.093475, -0.13333, -0.13333
92.2, -0.13333, -0.13333, 0.096215, 0.096215, -0.13333, -0.13333
92.3, -0.13333, -0.13333, 0.098234, 0.098234, -0.13333, -0.13333
92.4, -0.13333, -0.13333, 0.0995, 0.0995, -0.13333, -0.13333
92.5, -0.13333, -0.13333, 0.099993, 0.099993, -0.13333, -0.13333
92.6, -0.13333, -0.13333, 0.099706, 0.099706, -0.13333, -0.13333
92.7, -0.13333, -0.13333, 0.098644, 0.098644, -0.13333, -0.13333
92.8, -0.13333, -0.13333, 0.096823, 0.096823, -0.13333, -0.13333
92.9, -0.13333, -0.13333, 0.094271, 0.094271, -0.13333, -0.13333
93, -0.13333, -0.13333, 0.091028, 0.091028, -0.13333, -0.13333
93.1, -0.13333, -0.13333, 0.087145, 0.087145, -0.13333, -0.13333
93.2, -0.13333, -0.13333, 0.082682, 0.082682, -0.13333, -0.13333
93.3, -0.13333, -0.13333, 0.077709, 0.077709, -0.13333, -0.13333
93.4, -0.13333, -0.13333, 0.072304, 0.072304, -0.13333, -0.13333
93.5, -0.13333, -0.13333, 0.066551, 0.066551, -0.13333, -0.13333
93.6, -0.13333, -0.13333, 0.06054, 0.06054, -0.13333, -0.13333
93.7, -0.13333, -0.13333, 0.054364, 0.054364, -0.13333, -0.13333
93.8, -0.13333, -0.13333, 0.04812, 0.04812, -0.13333, -0.13333
93.9, -0.13333, -0.13333, 0.041905, 0.041905, -0.13333, -0.13333
94, -0.13333, -0.13333, 0.035817, 0.035817, -0.13333, -0.13333
94.1, -0.13333, -0.13333, 0.02995, 0.02995, -0.13333, -0.13333
94.2, -0.13333, -0.13333, 0.024396, 0.024396, -0.13333, -0.13333
94.3, -0.13333, -0.13333, 0.019241, 0.019241, -0.13333, -0.13333
94.4, -0.13333, -0.13333, 0.014567, 0.014567, -0.13333, -0.13333
94.5, -0.13333, -0.13333, 0.010445, 0.010445, -0.13333, -0.13333
94.6, -0.13333, -0.13333, 0.0069404, 0.0069404, -0.13333, -0.13333
94.7, -0.13333, -0.13333, 0.0041079, 0.0041079, -0.13333, -0.13333
94.8, -0.13333, -0.13333, 0.0019915, 0.0019915, -0.13333, -0.13333
94.9, -0.13333, -0.13333, 0.00062426, 0.00062426, -0.13333, -0.13333
95, -0.13333, -0.13333, 2.7529e-05, 2.7529e-05, -0.13333, -0.13333
95.1, -0.13333, -0.13333, 0, 0, -0.13333, -0.13333
95.2, -0.13333, -0.13333, 0, 0, -0.13333, -0.13333
97.9, -0.13333, -0.13333, 0, 0, -0.13333, -0.13333
98, -0.13333, -0.13333, 0.00039012, 0.00039012, -0.13333, -0.13333
98.1, -0.13333, -0.13333, 0.0015544, 0.0015544, -0.13333, -0.13333
98.2, -0.13333, -0.13333, 0.0034746, 0.0034746, -0.13333, -0.13333
98.3, -0.13333, -0.13333, 0.0061209, 0.0061209, -0.13333, -0.13333
98.4, -0.13333, -0.13333, 0.0094518, 0.0094518, -0.13333, -0.13333
98.5, -0.13333, -0.13333, 0.013416, 0.013416, -0.13333, -0.13333
98.6, -0.13333, -0.13333, 0.01795, 0.01795, -0.13333, -0.13333
98.7, -0.13333, -0.13333, 0.022985, 0.022985, -0.13333, -0.13333
98.8, -0.13333, -0.13333, 0.028441, 0.028441, -0.13333, -0.13333
98.9, -0.13333, -0.13333, 0.034234, 0.034234, -0.13333, -0.13333
99, -0.13333, -0.13333, 0.040273, 0.040273, -0.13333, -0.13333
99.1, -0.13333, -0.13333, 0.046463, 0.046463, -0.13333, -0.13333
99.2, -0.13333, -0.13333, 0.052709, 0.052709, -0.13333, -0.13333
99.3, -0.13333, -0.13333, 0.058912, 0.058912, -0.13333, -0.13333
99.4, -0.13333, -0.13333, 0.064977, 0.064977, -0.13333, -0.13333
99.5, -0.13333, -0.13333, 0.070807, 0.070807, -0.13333, -0.13333
99.6, -0.13333, -0.13333, 0.076313, 0.076313, -0.13333, -0.13333
99.7, -0.13333, -0.13333, 0.081409, 0.081409, -0.13333, -0.13333
99.8, -0.13333, -0.13333, 0.086014, 0.086014, -0.13333, -0.13333
99.9, -0.13333, -0.13333, 0.090057, 0.090057, -0.13333, -0.13333
100, -0.13333, -0.13333, 0.093475, 0.093475, -0.13333, -0.13333
100.1, -0.13333, -0.13333, 0.096215, 0.096215, -0.13333, -0.13333
100.2, -0.13333, -0.13333, 0.098234, 0.098234, -0.13333, -0.13333
100.3, -0.13333, -0.13333, 0.0995, 0.0995, -0.13333, -0.13333
100.4, -0.13333, -0.13333, 0.099993, 0.099993, -0.13333, -0.13333
100.5, -0.13333, -0.13333, 0.099706, 0.099706, -0.13333, -0.13333
100.6, -0.13333, -0.13333, 0.098644, 0.098644, -0.13333, -0.13333
100.7, -0.13333, -0.13333, 0.096823, 0.096823, -0.13333, -0.13333
100.8, -0.13333, -0.13333, 0.094271, 0.094271, -0.13333, -0.13333
100.9, -0.13333, -0.13333, 0.091028, 0.091028, -0.13333, -0.13333
101, -0.13333, -0.13333, 0.087145, 0.087145, -0.13333, -0.13333
101.1, -0.13333, -0.13333, 0.082682, 0.082682, -0.13333, -0.13333
101.2, -0.13333, -0.13333, 0.077709, 0.077709, -0.13333, -0.13333
101.3, -0.13333, -0.13333, 0.072304, 0.072304, -0.13333, -0.13333
101.4, -0.13333, -0.13333, 0.066551, 0.066551, -0.13333, -0.13333
101.5, -0.13333, -0.13333, 0.06054, 0.06054, -0.13333, -0.13333
101.6, -0.13333, -0.13333, 0.054364, 0.054364, -0.13333, -0.13333
101.7, -0.13333, -0.13333, 0.04812, 0.04812, -0.13333, -0.13333
101.8, -0.13333, -0.13333, 0.041905, 0.041905, -0.13333, -0.13333
101.9, -0.13333, -0.13333, 0.035817, 0.035817, -0.13333, -0.13333
102, -0.13333, -0.13333, 0.02995, 0.02995, -0.13333, -0.13333
102.1, -0.13333, -0.13333, 0.024396, 0.024396, -0.13333, -0.13333
102.2, -0.13333, -0.13333, 0.019241, 0.019241, -0.13333, -0.13333
102.3, -0.13333, -0.13333, 0.014567, 0.014567, -0.13333, -0.13333
102.4, -0.13333, -0.13333, 0.010445, 0.010445, -0.13333, -0.13333
102.5, -0.13333, -0.13333, 0.0069404, 0.0069404, -0.13333, -0.13333
102.6, -0.13333, -0.13333, 0.0041079, 0.0041079, -0.13333, -0.13333
102.7, -0.13333, -0.13333, 0.0019915, 0.0019915, -0.13333, -0.13333
102.8, -0.13333, -0.13333, 0.00062426, 0.00062426, -0.13333, -0.13333
102.9, -0.13333, -0.13333, 2.7529e-05, 2.7529e-05, -0.13333, -0.13333
103, -0.13333, -0.13333, 0, 0, -0.13333, -0.13333
200, -0.13333, -0.13333, 0, 0, -0.13333, -0.13333
ENDTABLE


LOG_ENTRY Used Dataset: Road: Off-Center Elevation Map, S-L Grid; { Bumps } Four Small Bumps, 0.1 m inc. elev.
#Library : Road: Off-Center Elevation Map, S-L Grid
#DataSet : Four Small Bumps, 0.1 m inc. elev.
#Category: Bumps
#FileID  : RdMapZ_6d405a8c-c86b-4fda-80ce-c592ab8b82e2
#Created : 09-28-2021 16:33:27
#Modified: 09-28-2021 16:33:50
#Product : TruckSim 2022.1
#DataVer : 2022.1
#VehCode dZ via S-L Grid

END
